13121
12890
9206
17626
10997
38316
3457
4364
4553
35499
12112
11834
21202
12006
2985
7560
43081
2726
28349
15623
9402
10618
6035
15231
38261
1926
8644
11873
35103
8404
12249
3211
8042
30284
8380
4037
2888
5523
23387
9315
37516
10642
4316
12065
3028
10099
31010
13459
5430
7184
14902
6080
8200
12801
13157
4865
3250
31506
4281
44091
41489
32027
23431
4108
12871
9021
4075
21625
7017
42681
9036
11131
18850
9696
9762
37613
41620
3794
9880
11662
28698
4565
4928
2112
30858
10943
9912
888
19198
2410
32620
10488
2667
8912
2318
3797
11599
900
20051
1786
8643
37440
11183
4155
10610
9848
12653
42026
628
10855
1609
18684
28906
43265
11312
12329
17438
24876
12129
4358
32489
3532
5083
13049
11947
12882
9797
6022
19165
7927
10162
39007
7353
28384
11436
6011
26849
44680
36534
12314
10185
1095
18064
32421
3054
3882
5483
17191
27118
11511
4206
1892
7175
38010
25977
3182
37494
36871
27661
11723
6877
9890
26795
44661
9307
26141
1727
2728
9311
12929
43107
43903
13139
10323
13311
9869
13163
24330
37392
22088
38924
34055
4214
2412
41375
5561
6617
31785
7191
38242
4870
8439
25985
2369
34321
5427
7382
1849
1984
10499
2277
10134
25680
9933
4231
3345
10934
39635
4650
5817
11798
9320
19098
10824
12603
20426
35261
6556
849
13840
5834
7459
43599
37518
6648
24004
11795
23809
2299
5779
18146
4634
2770
10136
7887
12553
10692
13250
4074
12415
28530
7501
18060
7971
6146
6364
45125
19872
14773
11287
10664
10217
10260
8984
9658
6237
12941
14059
33647
11355
11807
4010
21618
34168
6212
4381
30245
7580
38755
11195
3819
38081
13305
23359
10322
8408
22388
5420
1481
1841
3857
4122
24744
37180
10662
2938
37082
1233
40489
2487
13429
29370
20730
1039
1722
8298
917
1507
12067
5254
20388
6521
17937
13335
4563
5746
25373
5671
26850
9177
3212
13000
19492
15790
16899
11043
32694
7850
12597
10912
5382
42558
5533
5555
28714
4690
37513
4392
11163
691
8967
21148
5384
8704
6472
2968
13031
21332
25237
5531
25323
5913
11468
8731
38925
39891
12884
7787
33842
3554
32125
11166
28281
25554
11126
4244
24579
7896
35500
16574
8913
22251
16959
2612
2406
7055
11907
34430
1461
326
2778
35357
11170
16255
27570
10032
10866
9549
19089
10931
6713
18667
12484
34342
10828
21442
12385
5089
10311
5865
11477
13006
7129
5560
26397
9492
3517
38673
32682
8733
2558
18137
8991
13700
10980
12757
15789
3661
2710
12021
12179
7981
9635
11757
20204
10886
7761
20186
5858
4631
6839
10596
13362
34472
5585
5155
6664
14365
12169
7417
5878
8878
28044
6529
11716
11584
8742
1983
26498
20233
9163
13966
5138
749
7121
12322
10266
3987
1976
8931
3709
13430
11987
7594
21275
2399
8094
22021
36070
11023
1252
6739
22737
4516
20404
6278
12072
14779
9124
12165
2678
35768
17286
26777
6781
35948
31919
17814
12146
3796
2970
10530
36565
7753
11231
6624
14401
7665
3860
10978
3316
9707
2752
13404
4274
4499
8132
12954
6571
5109
5972
8598
4984
39854
16990
8267
3201
12479
39999
7712
3597
4835
43280
1500
26581
12857
13123
28825
25887
5982
36837
8900
7008
11856
34685
8741
17148
10088
8418
28626
32980
591
37026
7567
36718
24697
5983
43046
25425
31054
10199
11141
12424
20605
4205
3393
16553
24839
28048
9739
2482
10569
41078
3672
5630
25099
5519
3669
2363
20307
2101
12482
4681
30393
11558
8075
218
10597
44092
10471
13119
9945
22738
7650
3138
8280
5954
10302
1155
7155
6188
5073
15917
13555
11334
13256
3983
29626
5071
4615
10889
3613
6599
12192
14585
28590
21491
12016
5677
39048
4329
10340
3878
12626
6119
12298
5258
7107
15560
35953
10780
12647
10938
12846
12856
32897
7841
13673
10299
12926
39159
4104
9305
9260
12503
5578
18290
7929
17754
25139
4665
9964
7605
10779
16427
6411
6132
11855
12500
11895
12904
13164
1763
1437
2464
23480
9266
7222
10635
1879
6546
14996
6225
39610
12511
19887
4042
40922
7111
12832
4613
40349
3793
6524
28498
7807
271
10418
16207
22130
11228
8421
8927
7647
5934
12911
4277
1106
6345
17250
12443
16736
9037
8157
3873
35443
18287
10061
35190
5229
14493
8440
18040
6691
16389
6202
230
13643
6953
14353
6757
10942
30620
19101
31509
7898
8362
7628
11587
28682
8668
13149
6792
15874
12328
653
4488
38634
4898
2958
12590
14535
26765
33193
10235
7967
30475
19251
20061
2866
10462
7766
3024
9603
6990
8341
9886
5200
2198
31962
5728
12669
27617
11484
6400
29208
17697
11223
10701
5102
7472
12025
28513
27357
22097
4951
4998
4847
6446
36972
937
2230
16052
18421
6089
36368
11329
2128
6960
14663
3262
1330
31952
6637
25336
12150
9699
4346
26504
40193
6253
1029
4247
6971
3615
8738
12837
2221
7948
3311
11704
38839
5678
19746
3091
19530
30038
6434
20785
9488
2859
8784
33648
5440
32515
2375
38193
10659
9509
8232
5245
1078
4833
30525
3256
23057
5424
9439
9948
11374
4191
4263
34687
10911
12859
7749
29654
5952
12581
11121
7309
3243
3491
24308
7770
8152
44399
11184
12631
12521
6566
37641
21599
4943
28464
7694
39074
22274
40416
3786
38368
8385
4298
42566
6382
7378
4249
11475
4896
9339
5406
1681
6135
6404
1349
4454
42270
41791
10013
4184
12517
13225
3371
5577
3189
24047
13258
22603
8545
29058
7869
12332
3027
23978
19059
2188
10382
7404
9990
11134
23169
6830
25920
43312
34660
17838
17720
1499
28854
39358
24294
26606
9052
5662
6777
18756
43828
8872
10908
5088
12716
29667
9313
9216
5196
4586
7813
7827
5439
40487
2160
9808
12839
37817
7808
44834
11600
38748
31194
10653
1811
25897
10813
33594
11471
8521
1867
19540
34068
9791
8486
15323
1900
40556
29505
30732
12066
3530
6234
4179
9977
38204
8645
6536
32177
24486
17797
2794
13463
38206
10881
9594
9957
11692
4500
9648
27265
1055
11687
5958
32853
43824
43633
11302
1950
12743
9194
8234
7658
5116
6425
1810
8443
37515
7916
5895
5480
10461
11052
15605
20544
37901
18356
11050
39608
10797
37477
39942
18170
5037
9711
13023
3351
34972
9980
35683
7707
6497
5060
43913
1670
34473
9645
26182
5022
12276
10083
40151
10055
44095
36574
5707
25312
23030
23446
6427
12069
4952
23346
6891
10434
5697
3004
9788
31960
9138
3689
23544
27972
11769
42753
34707
8390
13180
7725
5575
11294
4727
6281
10484
4877
25885
3504
11728
10532
4422
42007
34079
11342
6279
3319
5489
33621
13370
2584
25490
7179
4455
4126
6550
12502
11240
34038
4013
5066
6059
12450
31101
32117
3233
20375
11243
6375
5272
7931
12953
4612
11770
4479
7901
2214
12221
13182
12489
7854
20609
8066
28909
9019
4756
3456
2159
38696
38030
34128
6370
8574
2405
19976
13299
7526
3116
6962
1161
2070
11214
30611
10538
2560
7359
8214
17173
42545
3618
40276
38313
11751
9520
10835
16090
12319
18939
5069
1243
17322
6564
17409
6608
9249
35410
889
13445
12727
43292
4795
12002
38774
12438
24389
4661
16733
3152
22599
8394
4128
8906
37471
5967
29647
3915
7112
8064
33351
9867
15240
4630
42259
2163
5946
12143
34097
5164
35047
6486
4383
12774
32022
18199
24622
7044
21369
25376
22623
8005
2368
9004
4925
22205
8768
10831
7835
11555
10457
1913
2687
10031
34749
4698
6433
7176
20532
5389
26939
36882
6889
9283
26146
20240
14149
10326
9406
11733
12501
7100
7345
4579
9688
942
7178
12555
6451
6952
1645
9863
13177
4181
26618
4645
1799
4182
43612
10330
11159
10705
2062
12654
12351
10522
10163
25856
11747
34617
25754
13003
22036
9032
6651
2469
3678
45353
2435
12725
13170
7171
9907
11311
6355
8591
32374
24270
11206
5503
24689
1539
9225
5096
15177
15734
2696
12920
3800
29012
32995
6323
6255
10271
39522
30617
30766
12190
3323
7086
6157
2110
10873
11290
8842
6612
29036
7384
1765
2766
11208
3782
7820
3155
10775
12587
4266
29547
9167
33890
4890
33912
39021
7367
5540
3643
3343
10727
6979
43073
40285
4582
26035
13128
17523
3717
2603
22034
4295
6441
5437
6943
5811
4437
2780
23181
12536
30975
8329
8425
1680
11229
5939
10080
10977
847
1303
15434
8247
44551
35898
19694
2267
10733
39336
4166
7027
9340
11494
15275
41287
3969
14396
5636
36084
24069
27444
4376
15218
4625
13232
6197
10160
38199
45123
8580
5758
25864
14555
2007
8762
2664
37430
3988
31695
10352
2777
34117
43579
13409
40855
9706
10999
4575
8600
14714
16087
2322
9627
11529
38291
23520
10451
30751
12496
9818
41815
11408
9970
41184
3170
5639
23927
4331
13477
13240
1090
38648
42739
5267
14708
8185
11278
3322
1561
5372
9718
12436
4275
12466
10351
4986
3346
8640
2480
35949
3408
4436
11198
8386
7595
8100
42302
8863
8975
9202
12838
3215
13161
13184
9918
3420
21768
9868
3682
9029
3603
10740
1830
10954
18516
10534
14974
3263
13056
18758
5345
36163
44007
26630
7346
7424
9705
12494
15835
32212
3570
16165
12756
9513
19999
29489
13386
4997
36982
22724
5901
5795
41246
18820
14008
7096
36314
12530
6386
3460
11285
5970
6465
3333
6572
11405
5446
27790
21957
8901
10069
27756
8395
4524
19615
32461
4220
9075
753
19213
38999
8303
10295
7811
12262
6761
10201
5608
1228
9503
9554
13458
1092
17671
6884
14851
11874
10804
27741
13313
20724
13204
10071
16962
35036
5759
3821
8015
2973
4085
5821
20224
5293
6273
40084
10949
42102
43263
13211
12615
43689
3698
43933
7499
7930
9106
25258
12460
26013
15993
3186
41645
2264
45082
10691
18361
13153
13461
7723
3584
31836
29446
4370
7859
1990
8220
12317
2552
17714
11132
13391
11459
42813
5605
5043
24648
13342
29672
13145
2600
27467
9787
15660
17185
1336
6393
3246
22641
10445
15318
38430
9844
5490
10513
12042
4463
1211
2679
5111
15464
13431
5223
12296
8438
8009
39397
38085
14920
11303
43748
9068
38851
34087
7674
39403
35800
1059
25655
32287
4471
8374
7609
13195
36479
22609
1355
8511
5137
5747
13439
8205
2398
5244
16415
27336
21843
37053
12312
20141
5314
9683
35243
5438
24182
11725
19420
9921
11706
8780
2250
17297
13502
43262
15829
28399
4754
7521
39902
43929
8480
6070
11046
5084
11155
5407
15974
8790
34589
10952
5722
24745
4204
28161
5475
1541
39957
8533
27602
39773
41341
3080
8499
29929
3232
4217
19915
11196
9823
9871
10118
10699
33765
32800
4772
7510
2755
6140
12792
4106
9556
18035
8810
37854
6565
25641
5337
10557
3259
5573
38525
8111
4900
5275
2658
609
4731
8539
11822
13217
21036
12059
2324
16731
13228
6468
16752
9567
9547
24020
1097
43803
18856
4517
10996
5479
9350
43774
23862
8272
11274
11875
5527
7257
8424
1265
10436
26513
7720
15152
4059
2628
2252
7180
12944
27148
28190
6359
43603
10998
3834
32652
4686
10482
23115
9966
10957
36787
3695
3521
10549
9443
32019
32165
6860
10438
24938
12147
30431
9527
15252
4363
2781
27666
12149
28263
2133
6737
7290
5588
18307
45340
12095
31539
9470
21489
3550
11860
3929
5313
14643
9884
7559
37253
14682
11096
13411
27566
18954
1374
19038
18082
12849
35630
5877
38046
5387
6244
32835
8186
8368
5008
30698
8136
876
2304
13434
14181
14906
10366
40708
2935
7139
3174
24538
2893
3898
25238
11681
38183
6117
6051
8819
14838
4294
1933
44996
6265
8318
9505
1791
5796
3109
11590
6959
6899
3314
12745
3831
3811
5804
22149
1457
16881
9096
8381
36489
8225
11467
17657
12949
7546
11701
4226
8939
2455
1449
8682
2575
6025
4964
13169
38146
25961
12240
6814
39413
2459
34246
17196
6741
8159
12689
7313
22586
32387
13019
9747
32004
28286
4031
12115
37197
10037
11912
30953
10289
10657
40023
4071
30361
7577
10286
7864
9057
12528
10359
6611
2057
19964
14923
1503
7884
12807
7242
4593
6180
9165
21241
34999
18066
11111
24871
8792
3655
4379
3920
7610
2174
14058
11867
5792
21214
9548
42890
36280
41705
9126
23551
37863
7838
21604
30023
40968
10074
6298
8630
13126
11847
13410
7885
44481
6473
2712
6306
5093
6902
3381
7554
8462
36491
11596
3928
9843
11568
42555
4197
19410
3817
8257
31667
3227
4760
19852
4183
43169
12739
25092
6652
15809
4787
28669
7355
3699
2686
10222
751
5949
13783
2776
5813
8538
17289
8402
3268
14390
7246
39818
18049
21902
35512
19941
29169
44599
21362
8841
16284
6682
17160
11659
7215
2850
26757
8820
8908
39066
30389
3579
6605
5329
33094
20333
3986
8087
8268
17839
19279
27824
7151
5126
4555
45279
33237
9378
24963
8724
10140
10022
7170
8797
16621
12453
4369
29873
7938
8403
7534
14846
23999
7294
1293
7339
8226
18642
9232
9968
8520
3395
44439
6027
27828
7122
4221
17753
8494
5297
21863
12309
13077
12570
1377
7984
14298
12188
7217
12973
31316
12906
22678
44059
13224
2949
5955
11510
10887
26096
6182
7068
6003
2725
9152
45319
12970
41144
25685
3677
10651
34981
35155
5075
8943
2660
6985
8926
39333
7583
39587
6980
2325
4953
6248
5011
6916
1574
38922
4639
12633
6055
6626
7731
7722
34929
17300
32378
32298
1514
44883
5150
21355
2528
33022
21662
5679
40781
2810
1999
29293
2420
5989
3775
20659
41830
19623
33031
10585
45230
4808
7957
9851
12955
28361
5241
10850
11732
15728
13212
7892
20750
32062
8160
15569
5974
13158
41556
25995
9310
4468
18541
11237
23237
10478
14099
5614
776
11632
44856
16616
8218
2071
33650
40258
1854
5725
36090
37362
26550
35096
4210
7250
6901
3758
12648
41282
9712
10707
25741
6742
3763
8108
4816
35390
9285
11601
12681
6134
33296
4301
7551
14791
21191
15602
3442
9436
37741
4671
8677
4066
11350
5128
8114
14942
5304
6512
12796
1563
20143
12465
16237
20888
1173
12369
30007
1962
904
4452
12049
6832
4985
17976
6930
14231
22076
18773
8344
10467
18870
8190
8407
2967
1430
11872
2366
12333
4790
3166
27575
31517
9817
17018
3453
29382
1711
8176
42557
11292
15226
13219
29176
9270
16350
13221
44868
4576
12696
12934
13408
13028
5342
8584
3533
9574
5414
5230
3849
11609
16795
5005
31374
16925
13010
6788
34203
31394
37816
30433
43421
20149
10588
5451
6745
27793
6417
5616
40605
17155
7114
11158
8011
16411
10203
3568
7949
3459
25664
3023
28577
4402
39023
40977
5148
6309
4322
10335
37937
31460
9621
8071
28725
6402
11176
31654
14671
11528
2871
5260
28726
3231
37465
4187
42878
4714
29677
41548
13921
6708
41393
20877
1002
5692
3528
9433
5741
9031
6768
10314
9048
22197
36593
25523
11190
18506
6927
3149
190
24414
6965
16982
2387
10344
9516
26070
56
19587
30654
3975
37842
15015
22929
31297
3077
11095
8211
4792
9837
5216
9529
5458
3535
16655
15502
13970
17608
7292
2225
33009
1898
1015
7982
32955
2510
11758
4201
2102
18088
11972
8608
12352
7853
8002
12744
40469
40630
5775
11448
7648
5719
12353
10181
2828
9572
34102
2516
12488
11946
9540
5590
35044
12324
36327
42096
9449
8828
8355
39445
7946
14908
2209
9469
7819
2995
4159
24596
28232
5772
20331
11698
30193
31363
4337
9523
43381
5261
9670
8586
42500
4487
22440
32931
4523
33973
8846
1694
7703
7358
1872
1150
6579
38209
5986
5425
9577
12608
24320
11019
10090
24446
42431
11012
9382
16808
8447
26603
9434
32388
5943
24709
8862
8405
18526
1529
44771
6662
5964
10004
33807
18108
5394
12032
7349
12023
3607
17591
12173
15375
10706
37221
18942
2814
11688
34033
8934
9263
3874
6437
3737
10762
5907
11938
10273
7230
19154
6477
25775
12889
4979
9778
20453
3043
667
42880
22117
12770
13118
3688
32301
10563
13485
22658
5410
23955
39821
3141
4807
43159
11630
5602
5445
7354
8391
3939
4837
8680
21472
6715
41557
19414
10976
1847
5546
33141
10535
28937
8658
14276
12035
13778
17352
9028
29550
15070
7270
4426
24994
3254
25251
14656
2471
15880
5362
28100
9118
4076
3272
1626
6399
2006
4624
44290
12137
10537
12680
13093
3534
3014
6005
38790
17565
8919
12803
2539
12537
2576
13528
2269
44838
5169
4872
5454
28051
4009
4414
36494
5213
5172
11916
9087
2783
4709
13441
35156
17459
2895
3031
39401
27715
4750
1215
20542
4743
2522
30282
20703
9155
1147
12446
31508
43760
8813
13449
3505
10483
5794
12300
24507
10236
31681
2645
32479
966
9094
10276
10932
7679
39241
3342
8140
8814
11354
1946
41584
44989
43800
8853
29168
40640
9038
11266
8832
23321
22203
24715
12788
8188
11923
22439
37131
2218
38716
5499
12289
11407
11455
5003
6712
8674
9306
7899
6105
12136
11997
21065
2162
6689
6847
4547
25257
6362
8723
17516
7636
27714
4312
12887
1838
11777
32199
35669
8936
37266
13887
22226
7952
37308
11983
11097
9702
3968
6452
11741
4189
44042
19348
23031
37100
5002
9229
16877
36880
16593
4314
12564
44166
11372
26340
28736
720
25759
6509
4165
11038
21450
22157
5637
12437
2904
6873
17211
9414
8286
2063
7072
7071
3700
1894
39971
11524
2785
11502
9107
20332
26710
38107
2570
1492
4534
1203
15895
33782
33857
45068
18829
9370
13767
11682
17200
9153
4723
590
8843
6701
7057
23342
7334
18687
28012
15549
7878
10744
9054
9261
11629
7251
44156
2568
12749
34267
10100
11551
28029
8620
6782
12425
37747
9322
11982
19277
29981
36645
2476
24268
7314
6077
11485
9742
4719
13136
4627
5993
8279
39865
6862
5210
3509
14128
41728
13986
6296
22053
12478
2428
5937
4282
5284
1871
8466
29377
25974
6489
7146
4218
24555
3394
7145
1702
33729
3798
1643
10085
10761
12928
11562
1098
33323
12362
14319
10564
1823
6341
4411
9425
5065
6353
7439
7201
12498
12140
4533
30821
3749
4011
8717
9753
8808
10231
12392
4097
26824
2047
12686
4052
7913
42006
16433
12870
37896
5131
6204
10687
4170
8238
2088
8310
6087
16482
20288
6853
2557
3890
6334
7428
35749
7730
7278
8745
4118
6099
3604
30142
15251
2523
14476
19030
1573
44207
5778
728
3219
24355
3963
5833
4253
4820
7045
40819
5429
12958
7700
23789
38478
7945
31050
31465
5769
13470
41856
5006
28582
11119
6258
23644
6171
9691
12599
39298
5219
3733
7094
11934
20000
7979
2583
25053
31591
5529
5457
13316
1512
1831
11058
5766
9144
33097
2762
11966
25201
29449
37831
2713
7164
37532
3827
11552
10827
9317
34361
6975
8096
22635
3718
5399
45108
17098
5579
7625
13005
22095
6896
5899
23595
21186
6803
6231
3961
18164
518
18531
4269
10511
1724
11252
8008
18806
21593
11998
6988
6344
24880
9137
4747
10751
30569
6150
7028
4101
8275
32715
1396
42696
34824
3556
12860
5951
39240
9857
32147
28004
32442
6479
13376
12734
11491
6823
27411
8798
41298
5827
9609
11818
10631
9065
1712
4424
2751
2705
2911
23846
6471
9179
11246
3942
12303
2305
27331
2666
22983
5992
9438
33109
24654
9017
32975
4093
13234
33374
10676
5924
17645
7956
7918
28900
31679
11175
10005
25250
5033
5330
7402
11410
9185
7332
23599
9319
12320
10377
42167
43525
9079
3623
11958
45084
24820
32808
7673
9238
40738
8050
9170
14268
20063
20666
3848
9390
8429
33578
1329
6815
11366
6440
13480
5289
19073
11950
6558
22291
4360
12609
4859
1319
7535
3471
13064
7995
8950
45113
39503
13327
20167
35192
4143
3936
4171
12659
10884
10385
9973
8617
902
6442
4290
8568
7182
5552
39779
7682
8476
13082
8072
9117
17327
7589
10765
2271
17391
9938
4716
2956
4503
28377
26971
7263
24601
12675
39262
7256
38751
9994
17143
30802
25043
2195
5273
2235
27304
7284
10902
21115
10822
9923
15741
17746
34093
7613
11286
21250
19360
42821
10805
3730
5900
32041
43781
26998
5695
4929
3336
12062
7487
5363
33954
5007
30924
9246
2505
13274
42606
32123
8847
10693
1629
33011
8147
5893
13039
2402
10017
2834
1603
12109
42905
35330
43067
14015
2765
3265
4115
9444
7585
10066
43346
13524
22458
4048
11476
5776
21406
4389
40289
27097
12219
2817
16507
3102
4595
38763
5251
25319
619
14325
11789
26521
16939
12248
8552
4385
29271
9064
10531
8315
4646
12372
24806
38550
8076
1995
9151
30514
12019
10842
9685
14922
41183
10918
41702
7715
9127
3712
11428
4377
44231
6276
29762
19740
31527
3461
30703
2608
2116
4810
6620
13259
23764
1212
11309
7065
12476
6369
8177
7275
12223
10500
2354
22247
13067
21514
7029
4669
7513
11005
16300
5115
40041
6474
8956
39822
6810
22942
33823
22931
7828
11859
4962
1331
8340
17117
12121
34863
22063
11831
23636
12547
7659
534
36303
39283
45320
4736
878
2205
5357
1444
1647
3399
6090
2131
11022
6576
4674
15902
9314
8932
5564
1257
10263
6577
6883
12987
41673
6905
9121
7925
2061
7462
12461
10644
8938
11761
32976
1965
29087
13726
43405
9876
6542
26974
3402
3567
24781
10280
12326
8004
39576
6249
38977
13392
4536
8857
4153
33371
5467
20005
8686
6728
6328
17815
8705
13054
12665
12267
13381
7942
4192
6092
33409
2694
39060
5914
9502
16306
2874
8672
5622
16011
10673
6707
9486
5655
1364
17698
9230
19648
11194
10857
26421
18913
19649
27218
7493
9440
8093
4336
37307
13053
12310
5580
12457
12197
9560
15493
3616
3188
12204
10521
11522
6642
6623
43642
6736
20998
9985
1820
8032
42415
2472
19680
6020
8471
21823
10814
22026
6557
41157
1557
10033
7640
10702
5764
10065
32873
5324
9640
30013
44083
7333
25960
4660
22394
12932
6156
10197
15411
21028
10198
1362
5240
8791
15651
8683
4552
11008
5864
12207
7046
29982
11968
5190
7280
12527
31115
39620
29802
1877
5925
26505
2820
1885
42625
17710
6481
3202
9389
38364
11014
31354
7721
12981
4550
3228
34437
12562
2385
9308
3325
16216
34307
28061
33592
22562
28790
30175
38865
4242
10232
6503
27480
43558
5062
39399
13233
31981
6129
9279
9355
6538
10056
6303
23171
16126
23084
42065
6342
4633
11566
7214
2886
2186
6676
43025
4873
2499
36894
8603
9383
31307
6699
3107
11750
4515
746
18015
4198
3431
14613
33452
33137
12861
5874
11898
21615
23363
12178
11739
13423
11948
5768
21121
5855
16298
14634
4937
7527
9451
5127
41897
18471
6088
6416
2258
38862
2514
2504
4485
3594
8980
4791
26769
30780
3674
28028
12872
6045
12525
9292
1846
6533
30149
33586
39415
24573
9875
4741
23069
23350
13241
27693
11238
41362
7297
8353
22958
37178
4871
32798
16222
8999
4172
2631
1881
6286
10367
4918
1755
9928
6160
5570
29437
42776
11909
26001
2401
30227
5277
34919
13008
8001
3451
12683
1997
5202
3482
37459
7277
34149
41089
9159
26933
18232
7208
35675
11435
9344
22988
26108
13036
6586
15652
7023
45224
9388
6083
2106
11094
3015
22267
8829
8281
12375
27939
2727
19851
6460
26242
5237
5428
4622
11363
6287
9427
10259
39028
4027
10891
12909
4614
5355
2049
6720
13309
5296
10313
13475
27370
3868
43782
7476
3897
1290
11169
9963
4752
6384
13142
12395
9804
12561
13131
43080
7836
1085
5910
8207
5504
6251
24846
23697
12572
37881
14755
23372
21044
6692
7237
5942
8021
5154
12230
14038
4818
1635
8550
34304
6726
4211
2340
1595
9273
9199
7357
20037
29251
1766
3494
44082
18787
6600
4755
38258
4931
10167
10154
3507
1525
4680
5159
4804
20833
28778
8243
11201
4188
35242
6531
24915
26209
4682
8905
12625
3740
32225
11700
11993
3543
9564
15485
38529
13294
6493
36081
11234
6947
4209
14825
34073
14234
10679
1684
44815
40034
42621
1509
9943
44495
9164
3539
3260
13059
11815
24917
13071
9380
11453
11535
41639
3573
27772
2848
21983
9318
370
38218
10132
3376
16383
2639
10781
5179
6115
43315
10829
2795
5985
7365
14261
5152
12283
4548
21231
12208
7419
2829
4765
10098
3581
13420
24737
18815
26352
29728
10420
4090
30972
8442
1651
7337
1829
27812
9012
10720
6079
1424
9258
5318
8534
40109
3253
2782
11239
8508
14349
17050
1034
19044
4332
35867
13350
34664
11537
4921
4103
5453
13301
5444
12723
9132
2193
42869
3145
10281
4273
9269
6078
4826
2924
3075
37825
10356
35087
32540
13074
8169
16173
4768
36422
40008
9940
16800
17557
13189
2457
1393
2083
42882
24548
7452
42042
7492
16280
10460
11205
41240
8199
2652
10245
2561
8937
10920
20287
8389
3918
10572
9471
5136
10144
8041
2590
11661
12962
7775
5822
12154
9404
14014
4701
38172
2630
31605
34305
5366
11665
16878
6827
813
2707
8756
9958
8197
10220
9835
11289
6208
10774
8456
16240
2553
9477
9859
6816
9952
7872
6915
41770
36286
43546
15280
2153
8306
7021
3208
43896
8248
13351
11460
2372
16696
2532
933
5648
31913
14689
5492
7350
43977
13467
12842
7980
29335
5294
11649
3205
4302
2489
41841
35926
9495
10505
17757
21213
3577
25413
13058
37850
12998
10812
37506
26829
9298
35022
14987
14824
8397
17843
3164
9312
16267
4065
3864
34273
20245
41242
10049
5081
2011
4285
13315
11153
38672
2076
8029
6857
8910
12447
18577
3271
5736
11479
12968
37254
31856
4351
32347
2461
6502
2139
20075
7320
8464
5113
10948
5435
3732
3662
8189
11559
1087
43278
11797
13034
11936
33556
10087
10667
6071
4321
2096
9254
13310
4735
4867
24495
10899
1583
7015
5493
7756
20284
7822
29063
8706
32133
11406
10386
1227
28295
18826
19567
41151
12717
8606
21461
10674
31994
22854
13047
13589
4409
1213
6085
9316
8481
9664
38715
40238
22096
6984
5498
5647
42494
4855
12195
43286
14057
600
3771
36865
40684
15531
1294
5906
6864
36638
9178
12646
28659
13601
7851
28948
3177
32193
28518
41473
9158
7289
42936
20130
16831
6759
29140
4854
9294
18026
6942
23332
10456
11421
9643
16004
22839
38256
30948
24064
9908
44511
1843
10146
8651
4948
18176
12158
2779
4883
24259
4667
5642
9507
2965
7750
7664
11439
1590
44872
8822
39464
10312
13154
3129
6941
9649
36860
2548
7300
11504
12864
15269
881
9351
7264
8546
20180
5784
1558
24807
3595
9239
15831
13041
7728
20252
28285
8181
21146
9743
4317
4926
9291
32951
1160
11025
12768
12963
42688
3990
7624
5042
3369
45260
37208
38477
6607
7442
8411
6021
11099
5701
6840
8769
9802
37329
8811
9252
1041
11578
25358
3906
3499
28556
4413
15059
40294
29319
2928
3812
23513
28809
25590
1853
10304
7741
11207
6734
7686
10277
12311
18417
9692
11640
7318
10745
1471
16632
4856
6388
40384
26003
2498
36738
42001
9903
34742
3329
12099
12778
13766
883
8070
25726
21379
43874
20460
8849
5521
35470
12265
38170
3610
3601
33781
43492
11910
39538
2044
4014
5067
10175
45232
13774
33422
20528
3304
1049
10288
3547
6951
22615
32086
3184
12275
1051
11498
10598
11932
12142
11913
16559
3511
12082
11957
6422
28917
7283
29195
10650
31491
6380
38837
4386
7124
24986
7421
15911
39795
8860
42019
5971
7308
1474
4904
11150
9975
33569
3409
4310
43505
11597
3049
15131
9396
21643
31762
43767
17946
2960
8994
10994
9330
25591
9497
43865
40434
1091
11391
5969
31467
405
10475
8915
631
10634
30379
10815
4435
7223
3017
7635
33130
2245
16683
16829
11319
1373
379
6190
20255
12865
12117
5945
7970
10756
34631
2219
13898
11310
27918
10029
14654
8377
188
26102
4304
2486
12576
10561
3650
14473
22187
3154
3473
11082
14796
27089
34189
5341
2641
39243
8335
32173
6054
10600
3973
9590
19895
4120
6703
9634
29436
11749
15133
2120
4606
3724
6187
9296
3578
8825
7013
5850
2359
13102
18072
4448
7130
8659
1505
4328
9779
30228
1268
34474
1426
4621
5017
8541
4776
23163
43620
707
17865
10729
13052
4483
12239
8777
30235
10771
2424
39984
12764
2244
6596
2604
19553
33329
27985
8417
7336
10681
4320
8685
2246
29852
4359
10503
44537
30462
20399
12180
8882
8044
11136
12975
9803
2760
1567
12907
18311
3362
4025
2867
34800
8995
7403
14083
36407
32278
9030
13768
7737
5396
1543
13198
9234
21958
11518
7077
11002
23515
15961
23435
33915
5344
11322
4230
15057
40314
31871
1427
17713
353
3416
42218
37387
8127
3414
41898
10138
12439
24752
4465
1250
6926
1578
4431
8414
5413
9931
3002
12616
1659
7103
10054
8522
9407
10871
2319
37804
28454
5696
33243
23188
2384
6578
7306
15377
12817
1865
3841
11449
3356
6351
21012
8929
13069
6136
4149
12272
43569
29610
4416
7781
37309
13398
4255
8770
3989
13471
26452
6957
9935
17760
12358
41334
837
10682
12624
3068
16257
18106
2897
30426
13206
12828
4339
12673
10238
11048
4469
5433
35526
1494
22353
21944
9368
6321
9228
4173
39377
15806
26061
17522
25044
2105
12492
10047
41278
5960
11210
6799
1493
36377
39099
7597
6522
20013
5231
11843
9223
21839
1559
1570
1955
34814
23014
3911
12077
17012
41610
25510
12737
4642
12706
24743
23700
6475
3977
6439
26288
43208
11885
8251
7258
4408
3981
8719
11277
7316
798
35099
10602
22963
44084
25354
8890
25824
3703
11452
12371
8266
12925
41097
10678
31008
4828
3007
4510
25302
12347
6392
4927
11892
4592
7649
29746
38155
9139
10339
3415
3066
11835
8430
14484
4353
13061
44099
7393
30146
5134
11580
20140
5207
25765
11308
9043
9717
34201
3447
43852
3608
3565
5264
12111
765
1554
26284
2445
12470
13290
12171
9847
15427
24281
18472
1197
13959
23004
13436
31505
4453
4215
27698
6977
2146
6154
1619
8445
3693
2900
12841
14977
5018
2473
7093
32458
20121
12090
26589
26205
6766
40830
10062
25203
12750
10227
11572
33929
12831
19034
18129
862
13890
8422
11648
8099
11902
2437
17478
4401
12742
4258
12969
10936
19503
34737
3391
11001
2789
10432
12422
11844
23976
25987
8632
3837
3445
11386
43585
28192
6262
10924
10680
8944
43064
1027
10989
37663
42033
5870
3119
5927
29856
32205
3115
18151
2109
10012
2624
10988
7389
30325
42975
7047
45272
9227
4601
22124
4250
9926
24956
7954
17269
36833
13332
11538
37636
41120
20410
2695
12775
13201
24306
3630
10358
3571
637
37185
40810
16994
26544
4788
27692
8654
9713
7714
9608
7006
7895
18851
30103
6625
11034
957
17503
35637
1026
23827
6010
33992
6464
13172
5310
16701
28173
12390
8221
13450
8549
8766
18227
18038
11525
33069
6137
6000
6152
4086
14428
6283
25512
5896
3234
24690
6819
3282
5682
3173
3373
2462
3249
25739
44842
29633
5547
5606
18486
10338
17418
42348
2030
11263
4527
11802
7373
8058
2948
21184
18444
42538
24211
928
6769
6753
5046
8432
44324
26882
7266
8611
4933
43983
16571
28953
10262
11304
32956
10282
38337
29199
27964
8581
6498
19907
12206
12869
9932
17957
8174
5617
41239
11617
7368
33248
40682
11347
10332
13466
27212
1890
37130
10947
15925
15340
11425
16286
7638
1632
8794
4700
10459
33330
30412
6145
9049
22653
38201
8732
3647
18679
22446
1191
7748
12040
11447
12662
785
11703
9466
6621
20857
39303
20995
6972
4832
8490
22781
29884
3589
6280
12054
5742
26411
4419
8971
27840
4299
12000
25216
12510
4114
6907
16768
9042
1564
6305
5198
5501
5710
32831
10529
9595
4264
1923
12645
12956
18465
11816
4140
7710
8992
14811
3611
23154
9487
35458
9924
8109
1177
9944
6006
4268
4770
12721
5991
14690
20401
7405
33855
20667
7169
11585
3673
4441
2815
12738
40953
12919
15225
13095
12977
17276
11598
10658
11295
911
11505
8264
4970
6993
12569
8925
7578
16315
13373
2910
31359
5348
20080
5209
39095
1038
32354
4684
32596
25866
3664
6270
11115
6224
9275
35212
32719
36433
9364
11541
21809
3702
30561
26839
28083
10577
11189
3863
6644
10594
4279
27361
5544
10625
17169
8173
21010
6695
31462
26576
40006
6732
4717
7049
43583
6267
1907
13089
3125
26493
3953
45164
36551
44554
33186
9552
19234
2084
7431
5860
42174
6161
4834
25241
18921
4300
2715
36858
18657
26291
4050
24969
16880
9557
10388
3658
1077
13527
10892
41450
24434
23409
18558
31098
2644
42778
4134
26731
5829
9659
8468
27297
11871
8570
13282
6897
26357
958
7701
28206
31672
8816
28633
1524
6357
24949
5233
1920
11358
8423
20927
16973
12651
30685
10343
8876
12434
44361
20758
17020
32386
34855
22046
24309
4603
28247
27087
11032
5325
1295
630
6385
5185
5250
4875
28966
2335
28084
12972
29601
13512
12649
2284
10612
13181
3398
28788
6332
26827
40473
12459
38245
11416
2880
18383
25855
3175
4730
36503
21464
6007
12927
6052
13341
20195
22395
6366
1745
2093
5851
5514
29659
44246
7485
6758
9900
11020
16112
11489
3952
39322
5629
13193
10003
5026
43295
6938
13073
9831
8352
6062
3298
5793
18835
7340
11481
40000
9909
7430
1119
24458
3410
24411
2851
28233
6885
14978
27085
17927
5516
5173
8138
5257
6130
11669
42073
11878
41452
4245
8728
32813
13448
4889
17341
17824
6661
24707
9369
5365
9911
36451
8255
11680
5485
27058
23668
8454
4043
8165
10050
2662
12825
11493
9302
21582
26417
34736
31650
10067
42929
5571
40106
11616
13030
31443
3836
3540
11546
1813
5285
39535
10023
4107
36914
17134
4430
10274
34421
10193
12554
8271
3923
1376
3820
1513
1046
10504
6125
32252
26216
10962
7804
11611
3440
13293
6798
25509
4137
42189
3523
30812
24124
8698
7994
13325
3289
31680
40856
12773
34837
13197
3787
3051
11288
13038
4232
3760
13396
12485
43607
29965
2976
4861
2572
11922
11793
32245
2844
42271
8547
20806
7702
11124
2010
2019
28884
3085
1061
37274
15672
8709
6917
8746
17915
30917
39744
4673
7187
12269
3480
2635
13283
20596
2709
11961
29252
29504
7464
19559
16918
2869
2483
6535
11385
43634
31951
18842
30504
3082
1683
31012
6210
12873
9376
4132
6476
2692
27156
6398
13105
6314
11673
9405
12891
3176
6802
32460
817
7734
5460
4399
4077
3357
3361
42082
32542
34154
3124
8514
4335
3374
9051
10719
13255
9870
4683
43430
5091
10194
12335
2615
6789
10579
2808
1116
36033
6633
6455
17446
24870
12556
39341
11062
2601
34575
11443
4845
11037
3657
7399
5755
4558
11180
10394
44592
10684
24101
40564
28720
8760
22832
11325
20489
40482
13962
6585
26055
15048
14115
10713
6049
1768
20618
14732
29918
12159
8556
8446
686
42918
4460
5688
28772
3538
6264
37740
39678
26023
43854
13120
9872
19461
15558
34036
15615
2620
38590
9437
8069
22186
9208
11191
11297
43713
2855
19266
9519
2414
22810
43053
8036
13336
6163
10308
9839
6645
16301
40063
5909
33388
42784
25542
10508
37300
4913
16579
8107
3349
731
31336
45269
11519
12277
2892
1597
33010
29123
7961
25163
16386
12486
9204
18014
705
5303
9522
3412
7194
3163
18336
10885
41752
7461
17076
7291
31494
12198
2518
11009
12407
30988
44990
33340
3197
19509
34005
10389
10188
9045
19240
8122
1796
22911
6871
5203
4616
34152
13090
3924
5174
6793
7660
8821
5505
44368
1882
7861
3266
7127
17903
3286
6837
11929
14620
6186
4058
7991
12268
15928
9290
4862
23512
15914
11116
27181
40381
16418
6748
13051
44660
14498
9426
7975
2997
10883
36234
12913
23263
12678
5631
26780
5481
40486
4725
4915
11919
9475
10481
10867
7547
11779
15398
8786
1638
3710
7507
5634
1546
10516
37044
39666
21239
14471
1289
13300
8804
20103
3753
3379
5887
34450
15893
34355
9597
6457
42013
12827
11778
26377
33401
8713
33846
12811
460
10368
5549
26597
5888
40031
6036
5183
11660
8840
5312
13349
7085
20161
13002
4474
5222
4769
37802
2890
10558
6749
12802
6420
1316
11894
24082
12166
6379
11431
10431
42032
4495
1133
11625
7834
6449
8379
10628
29883
30964
14783
1435
28975
40390
9430
6200
11324
10616
5182
28019
5583
8227
22650
7844
9920
10159
6098
19712
4506
1815
38495
12751
9498
11545
5146
8212
6304
11920
17735
26693
12747
6168
2220
28198
7739
11390
2037
3240
7868
1818
3802
15811
7066
7596
4256
13270
31193
5572
8525
13096
2118
30099
5513
2051
12848
27787
35748
38054
7447
21458
4068
14478
3161
1218
5607
5912
4988
34931
12306
26929
9162
42014
33943
5536
3073
2217
28491
5841
8080
13717
11731
45313
9731
39564
31161
25636
14459
8060
27672
4641
36266
36929
42214
1348
2531
13138
12354
17766
40301
43077
31277
43879
13454
11826
12690
4991
7865
6478
8604
13343
19932
11147
42876
42775
8646
19532
5966
9780
3519
2240
9454
9987
17605
31610
6681
6046
7692
6308
2862
10973
12075
28321
34562
8216
11202
9910
28456
12345
5619
9810
8000
12885
26973
25230
20108
1876
2156
13213
11727
8895
28335
10256
30945
4573
2702
3612
25712
2275
14515
10986
1407
7081
13903
29862
37423
7603
10632
7019
40929
11351
4470
2371
1762
4561
9356
2805
2642
34410
44742
16775
812
4129
10696
5894
11696
8513
6483
15868
10512
918
12374
36379
2164
4319
3337
3818
5848
4990
32251
8914
3583
9286
10826
8168
15968
29224
5217
9083
3726
6166
11394
3741
14296
23628
4841
7310
11631
36112
8078
32462
4961
5378
12881
12134
12293
5803
5632
10758
11465
12880
38962
5638
8818
8718
7573
5553
24152
8028
2095
5392
34627
17059
8125
19883
8178
37540
14877
28057
13278
2714
6266
7940
12361
1862
13267
11487
11016
39628
9280
21474
11540
3117
11970
2787
17094
38394
2008
24244
1344
6028
8700
6935
6598
6841
36694
13272
8543
21291
11615
8831
2130
1869
1927
5114
28447
1708
32048
36362
3632
44861
4549
32639
3813
17313
31824
19546
34783
8357
42755
15840
13464
9873
14069
4125
11306
3555
14460
36123
5305
37671
7912
2407
8945
3644
11321
8567
12426
12847
3593
23734
4849
6361
8367
17000
15244
44014
10224
2784
2367
11888
567
4713
2597
2003
10354
8420
11474
19039
11042
1300
11953
3245
11724
772
8564
9198
12128
4343
9644
42833
11792
11925
8095
10862
10405
10124
1359
12018
38379
2408
11646
44055
28588
41076
3502
11905
7798
12851
33577
6260
3653
5797
31606
11365
15604
9181
24940
11756
20975
20435
10391
11135
9981
12726
13115
5582
10101
3438
29904
2922
9145
6060
18389
1975
5854
8526
27407
5188
24334
34443
4361
1260
24826
8983
9154
6110
42137
8948
7410
24958
11398
9027
9830
5057
23526
10790
1782
9646
6999
42023
7910
2150
33007
3551
27728
5911
8772
29578
1977
2758
6155
7974
39173
12251
2141
22298
10580
13478
19016
8710
12382
1925
3667
4444
44232
7815
11123
24183
10374
26236
30365
7936
16947
12543
12936
21579
4147
18761
15105
4699
21189
4973
6986
10250
11273
11927
40402
39219
8465
2348
1689
20093
13413
10897
36835
6239
5890
3167
38776
3549
13361
10640
11301
24157
1180
988
6845
35353
2477
9375
4568
18394
8529
10544
20371
1307
11801
5000
38371
11279
5756
7845
3912
6940
3142
20446
17435
4863
9786
4030
7147
5302
35479
9805
6175
27369
11645
42826
11280
13354
9937
9411
5178
7825
41982
9105
9267
23819
7285
11989
15265
34357
27502
27484
3221
2000
6555
8548
9025
32601
9601
908
8523
31248
6432
11720
39715
29329
3645
9539
6236
17028
9278
30072
21031
4092
6373
8180
4482
12255
22705
12058
12868
12430
43602
7168
11463
1593
27094
2524
32615
22270
2190
11026
3360
5871
3433
40295
31189
6312
12388
9384
2947
12387
12588
18490
7036
33819
7243
4604
30390
7805
25473
10209
34405
5390
40775
27722
5947
8892
36520
7634
1320
39155
8518
13298
23699
10152
2278
8879
11419
17022
1816
3277
7149
8373
1511
8301
13035
29409
30151
12877
6412
11117
7267
7824
9592
8316
10789
10096
16131
8013
4954
28919
17575
7608
10376
24235
9628
9133
2649
4609
6109
9343
612
5994
41643
30363
6996
6785
10808
18427
27006
12538
12910
2648
14795
5301
4347
42195
18614
30218
38289
2423
15209
1803
8854
12702
2907
20896
7522
5922
11722
12132
4732
4064
25833
15190
11637
25662
16302
5416
16828
13279
36263
5990
5373
42679
24212
13080
7606
3962
39256
21563
444
43448
6812
9610
30386
34083
43793
34348
5044
10731
9798
44586
7581
6254
23820
9657
5010
9016
9168
34882
31797
28567
19467
4177
969
866
11713
4882
10526
2984
3242
10646
15197
4602
3959
6484
1405
2617
37736
9034
25870
41064
8256
4248
324
1086
6354
11849
14803
5350
44879
5863
40042
21992
14590
7579
9213
25497
6069
24127
10916
44538
2425
33837
40974
10039
10020
7018
10718
12491
9399
10182
9673
4018
11429
24501
38903
5090
2873
6435
8203
30399
33623
30173
3587
1701
7747
9878
28708
7325
1395
6716
10365
6288
6409
14570
6292
10900
8612
9078
12514
33344
38154
7538
6101
35354
14931
9596
29378
5612
3958
7470
1611
11619
8084
7321
11811
25764
1439
1825
23943
27647
17452
13044
1485
10487
4280
11664
4734
13284
12816
14444
1953
22223
11976
16967
1891
31209
4228
393
21296
8410
7629
7450
16550
5176
10106
2242
18302
42376
40493
6153
8320
14266
5713
29011
4384
22216
12850
15321
13235
13344
10034
35009
9761
8128
12183
25926
11249
10241
6061
12700
33255
5935
44703
6196
4580
3127
3108
9700
34886
5591
11534
12830
9623
12085
3270
42222
2975
6113
10307
7937
1939
8342
8431
9295
18832
9233
37472
588
4447
5130
1491
6401
30512
12664
1650
33179
729
9284
16792
39295
33395
8119
9894
21422
11939
7434
12028
18109
7757
2301
9570
36772
10926
8982
7247
35858
10645
951
11315
1897
40565
33903
44195
7192
7479
13104
6261
13015
8889
7196
32192
43231
6893
2254
10303
4240
2903
7211
12903
28630
25986
7495
11077
8434
12695
5319
13244
4852
6650
6462
5984
5623
8259
10593
1486
43296
6836
24980
13708
12568
28496
6033
9929
9214
6665
16390
2953
38327
6195
4813
6466
9602
12519
5652
9849
31338
2339
19488
8940
727
3885
9893
11879
14376
5268
12876
32547
5256
30457
18837
2599
4577
29694
27803
4502
17801
20072
10424
186
22212
9501
12594
2460
31429
40194
26010
1736
43289
31910
3708
38831
18099
40464
42964
5599
44334
5566
8859
5708
5352
8572
9740
2551
11010
43844
7295
4308
9726
14759
7016
5339
12641
7669
5868
4968
3520
5080
44110
3884
12815
9959
9387
5047
7239
2297
23910
13004
44262
41762
19756
41630
6743
36047
11880
8830
30529
7212
13252
29073
3036
5076
5472
5321
19765
13314
5405
39476
11683
11627
21973
3903
1985
12718
29771
11676
18635
6636
13377
5953
32057
6945
24703
8323
9066
2251
10782
29744
15810
3529
5653
2637
35958
11840
41039
1910
1045
7185
8649
29490
2996
8237
6843
32438
39586
18353
1783
11085
10422
10966
17548
5215
2099
1411
10786
6480
23797
5158
8935
3478
5361
11065
4839
6950
6339
22767
29332
3744
35523
8771
9455
24867
44004
17306
35164
5279
7458
25806
5559
5401
37650
32846
1608
8990
13740
7709
12854
31270
21798
10165
12786
15138
27211
12600
5211
12938
5234
17273
12787
11241
4695
18071
10244
43029
19658
15841
22299
5098
6603
45342
5880
5787
32607
2012
5074
8885
9953
5162
37903
40757
5757
295
4311
16798
9056
42969
40978
5889
28666
2952
10064
14664
11842
9993
13418
2377
20973
9373
34769
13027
21083
26201
1276
28650
45001
6235
3303
11356
34123
1522
4094
5649
15108
2654
17105
22625
21919
27634
11974
14093
11445
3974
22794
6507
7637
10545
3435
10872
9200
12627
11451
40607
21602
2616
11633
29110
1234
7646
15713
34675
9636
37326
5975
33979
1908
8158
18804
3183
13751
4271
14915
4591
1279
19639
4590
12214
4692
7375
22694
3492
7690
3487
4857
11794
3344
6606
7481
6100
29424
13402
27315
28920
13360
5586
11495
13363
8037
6587
18936
39080
5212
2202
6591
37905
5923
31223
30598
8648
25990
2065
3887
9102
29483
27851
9904
9362
5227
3292
40135
3284
30605
13955
1614
25821
12781
4697
35375
3501
12676
12983
6268
35435
7369
8748
28479
24321
4708
27640
4775
25269
23347
28713
10215
17741
11125
1535
28009
3641
30499
4208
24736
4880
14642
20376
10253
34686
17312
11081
7530
21504
1083
9892
12366
6448
38967
8684
3113
35293
2643
16039
7067
27441
6376
3252
5351
44344
7989
1122
10803
12089
15717
45317
9309
13130
5283
6517
7331
6539
8576
21939
14765
8747
10414
11772
4425
10038
11626
24837
15167
9979
8551
14534
4640
3972
41952
1409
13810
22044
7425
11168
18690
33939
27643
24436
7329
43930
3770
25704
13092
3925
13939
35639
44980
4061
4551
27140
5809
7234
20919
21614
5830
43988
5780
3321
6349
7823
3437
4491
6729
11061
10807
42071
6219
3200
2194
10453
3139
3044
4829
9055
7221
13187
7735
44383
9586
10969
7097
13111
15999
13405
2818
4916
9593
13552
36179
2525
3858
5094
11653
6806
3320
1730
3312
41201
16362
25837
6614
12297
22706
8223
12644
4935
2589
43636
10334
6515
1848
40760
3090
6350
3444
3470
19857
28255
7776
12950
11226
7983
970
1966
13050
2257
8941
3462
40784
4748
39524
12093
920
4257
3203
26793
12504
17396
42140
12024
11592
4643
11021
17149
37335
13176
8191
5461
28914
4044
12174
11887
3133
43358
4619
6450
33392
5839
5528
6139
1523
7619
2036
33386
7959
15268
42305
1931
9395
13113
5447
31150
10837
9473
23541
9441
45080
7228
26699
10533
18627
12650
26891
1592
17376
13072
3790
9069
5049
9850
7866
36575
13698
26315
8055
40936
10139
8946
10125
8463
13262
8592
7056
1205
5225
7699
10426
1839
43058
7377
10300
2441
2849
9518
20129
18769
20813
32313
12384
4528
12571
7774
12567
10204
2029
32348
3180
7342
11227
24897
14719
4326
3723
2841
519
6138
6797
6525
3984
8788
30275
12584
6192
13319
1915
10802
24148
7557
43909
5388
19959
4687
32863
13438
4535
17493
29127
33618
2448
32161
5104
6410
6973
13425
12315
8815
13452
8245
6861
10225
12041
7531
10861
40920
11699
12236
21487
36885
5600
42638
19256
11199
8845
6259
11886
3204
32290
27720
7484
44220
10629
21897
20634
25402
20692
28514
18222
9611
27307
1202
9432
17414
22654
11914
11508
1501
9895
20189
6727
5903
2298
5459
21423
7004
3056
3704
2207
2950
29619
8363
28274
20536
3671
41892
40214
11212
15625
41125
11313
25690
12344
3338
43652
7732
5718
8202
13261
10174
9193
5434
6923
13275
2009
11954
8848
6009
1591
7330
6908
19535
32128
16565
21678
36176
11621
7539
15310
6232
10923
31581
9526
5019
11396
4688
8081
1700
13432
4981
6675
4999
9013
12202
13166
11333
7478
34374
13338
10770
5191
25499
24088
38608
3823
5107
8287
2333
39116
40764
12921
10909
17706
7273
6116
4851
6516
10439
24500
24888
1781
2611
41675
23841
4429
42995
42220
6419
21787
11011
6731
12549
11726
22356
24532
32375
2380
9428
5326
24027
10846
5123
31035
30580
2706
12974
32782
7418
25134
4087
38919
11216
10638
8835
6583
21541
23405
4838
16406
8388
11393
24748
32640
18344
5278
12022
11367
23149
6859
22320
10092
10190
21812
11197
9624
10496
44097
21698
6913
6639
9919
5805
11067
15892
13366
15556
6911
19463
3937
10243
3348
6330
6848
28273
41321
4124
23760
24262
23850
6680
39471
3576
5064
32485
26381
9862
12776
26361
40798
38297
8800
2801
40800
5055
7210
8596
44686
33438
6770
15289
8595
34456
11248
6040
7113
5307
1678
36597
2134
25904
7034
8585
44103
4738
10127
42548
2942
7907
4224
5054
9006
5291
6372
7569
9897
24877
13151
22613
742
7415
8427
19525
3932
12477
38794
931
6756
10137
7437
40488
25273
5252
4458
818
7571
5730
5554
37665
10269
12708
17610
35399
9989
16656
4662
28079
32408
7236
7302
6426
10009
9580
10361
13427
11317
1636
7799
21754
8031
8817
3804
11513
4259
6954
30220
7328
43379
10177
8086
6282
6528
8774
39162
11766
5700
10157
36988
11531
9716
20045
7165
26859
3057
9392
30076
4428
4374
7883
9235
10196
20384
43682
13481
3358
8283
23518
10110
12843
45025
2982
23752
31916
9606
744
7152
32559
22408
44639
35895
10131
29338
2559
31056
8061
6429
3729
33469
8240
7958
12741
11104
9663
5497
36231
11457
36961
6184
3518
22139
6822
24360
7903
4538
29122
6627
6534
12224
2291
12767
20565
4362
37292
8616
3229
2610
8501
30970
9744
8224
5557
11799
1230
6127
38971
9180
36658
5729
1863
12853
42040
10910
8708
18157
42858
8327
4539
6828
27894
8802
19545
13190
635
41917
2923
25096
1930
21124
10360
6858
7226
3776
5625
44728
9785
1368
17491
36640
3824
31511
1705
10819
535
1912
38311
23071
6285
12417
12181
16511
33854
1947
11711
3654
34879
3247
8972
1713
5309
17507
39151
9271
5208
5105
1408
40156
41413
7422
19455
37314
11337
30576
9655
42037
12416
3498
8006
4272
45285
4212
33181
22959
5831
31302
26492
12442
11877
11378
2673
6301
45339
36584
4957
4753
7680
36591
26518
29048
7784
42043
4091
44213
6395
2990
5808
10216
12740
6780
36910
6143
7394
2619
11379
5469
11035
13185
40983
42507
34268
5885
6855
36819
12794
6870
8754
15506
44128
11862
4081
2256
13292
15369
21069
10863
32007
7026
3160
16566
28647
38677
12900
8722
8761
10507
10301
3128
26779
39117
9675
6750
11464
27389
4955
11395
9187
2842
6487
7374
9400
14474
2966
1328
12785
28817
5926
12429
9905
5905
17171
7626
4878
2182
3634
5786
6120
8130
18278
7429
9003
11951
14994
10446
7764
19741
22759
9110
6704
8246
11832
8807
29605
9026
12130
11051
38510
25318
5153
1382
13419
12951
21421
3745
5920
41275
13571
6387
6368
7276
27366
4476
13469
8642
20374
19137
1777
7964
11444
45262
20836
11594
8384
13171
7996
774
11260
8484
1532
13127
43809
5574
43741
18854
2843
9217
11083
10960
34962
2350
11557
13322
2370
5180
9822
2494
34511
9639
6963
8875
1979
1135
40140
12902
9360
11161
44313
26611
3185
8144
11138
5657
4223
1844
28972
11357
14048
24771
5916
8660
16307
6510
27791
2189
4632
8504
44850
13100
36396
6207
11604
11579
6064
5748
32851
7999
4136
10429
4987
11622
8161
40242
9250
7454
7106
30251
9579
2680
8676
3548
31953
12196
4001
8453
961
3909
8870
11610
43085
4144
16673
10207
12039
15313
10971
8650
2033
4876
4395
31264
9367
9656
39632
43302
11642
36270
2775
12076
28035
13324
1840
40040
19322
36659
5838
4017
17228
2210
8542
9686
12189
3941
9521
12356
7602
9814
10450
9638
2555
7262
7986
8396
6091
6784
12330
3769
38045
44961
8250
15065
43739
28976
7856
10606
11027
12191
11679
28306
5670
29656
33541
27831
7792
10622
16351
29341
1375
10715
44386
24943
33554
39281
2813
12752
6767
8615
9300
12772
11721
1296
18520
19058
22094
6485
6573
14716
1893
10412
36250
42651
44500
9005
286
27228
11677
3982
4079
2439
3274
30789
10189
4766
9533
29572
13775
1754
40033
5300
43427
6459
2588
19180
6872
20238
22344
30961
15966
43551
7830
662
44612
37340
6206
2281
29031
11299
10122
6593
1703
23890
9453
11093
38494
4490
36272
7396
880
39997
7997
30135
7519
9460
10048
10571
11470
27571
8098
23336
11080
6107
16500
33686
10611
3893
7785
8312
21869
1356
4486
13359
2899
6686
25757
34209
9748
1214
12563
43386
8106
4162
5869
38343
33290
13787
10233
12586
33139
7414
6900
38723
8716
36979
3588
5646
40498
13456
4021
2171
31594
6506
20340
10447
41081
37682
8509
12724
2847
11472
25991
45040
27691
3238
33543
7413
1473
6017
4600
10698
5674
21440
8401
35644
5723
1634
11174
38818
5968
13088
8839
8560
10670
1682
43059
5601
5802
10242
30172
7532
4572
11018
21469
31321
18024
5167
9845
33692
28356
7919
1960
6552
3516
7543
9708
743
12878
1264
4020
44670
42947
1707
7765
2690
5691
7261
9129
12526
5298
6762
36065
15924
3159
40619
7816
8116
9538
9472
8852
8903
4722
10103
26248
10747
36392
6394
7078
7463
10200
16985
8515
5810
2708
4352
18727
12038
33444
21656
35944
5488
2129
7706
20640
1622
6408
2717
8555
22361
15198
6570
8874
9618
7319
6291
33497
11693
6159
37486
6331
10362
5819
11583
11296
11714
7644
35220
40548
10430
17581
12694
6711
5165
40761
7909
4480
5015
8656
24420
20335
8475
8528
879
29138
9299
7848
15532
15379
44766
20811
37983
12278
4340
4617
4626
8635
28639
2117
8806
7225
3143
10212
3853
17765
44715
28005
11063
4270
7448
10046
6554
5184
7033
42602
2913
7465
10427
6968
13340
45241
1324
23542
16037
9061
39951
11933
1779
7457
31265
9842
3388
45176
12852
4567
18386
8034
11561
39847
4542
4712
8557
9098
5287
9325
9698
7477
5825
17898
18825
14132
36838
6068
5068
8477
12474
3328
6813
12499
8775
12153
4939
3949
18551
7642
6811
29559
7627
7759
44690
2347
8088
19847
33055
33665
12688
3859
6825
18990
11114
12287
43871
40077
12103
9622
45196
688
1291
25383
15360
5077
31215
11606
22319
1458
2746
12524
12203
8485
13295
15371
6553
29006
9201
37090
6250
11623
12046
9883
2580
9733
25480
13083
8638
5897
8517
13016
11164
16132
4726
12915
11211
8639
383
4109
8588
8091
5029
9189
6058
6869
16891
7451
15887
8563
2308
3190
22109
4139
39348
28154
8150
11691
5892
3649
43609
6549
44515
2179
8492
42881
2310
2994
12029
8304
5988
34101
32369
8290
16489
21551
33989
6721
21750
24034
37214
18902
10401
769
4113
7525
9141
9374
7727
37363
12814
11771
1309
9224
27846
7253
10953
42816
7288
6718
3600
1970
2626
13474
871
1280
10053
10919
9922
13390
7740
25596
4461
10737
18964
40234
22301
7195
14217
7558
827
5843
11963
27743
13446
5340
19473
5082
44727
4789
3235
7188
5715
9763
17894
3956
12101
2316
41344
38072
4373
4457
20982
8027
2971
4605
4587
6274
3406
4238
20058
3976
1418
3275
30415
5431
43808
42915
7758
5411
8048
