39984
12764
2244
6596
2604
19553
33329
27985
8417
7336
10681
4320
8685
2246
29852
4359
10503
44537
30462
20399
12180
8882
8044
11136
12975
9803
2760
1567
12907
18311
3362
4025
2867
34800
8995
7403
14083
36407
32278
9030
13768
7737
5396
1543
13198
9234
21958
11518
7077
11002
23515
15961
23435
33915
5344
11322
4230
15057
40314
31871
1427
17713
353
3416
42218
37387
8127
3414
41898
10138
12439
24752
4465
1250
6926
1578
4431
8414
5413
9931
3002
12616
1659
7103
10054
8522
9407
10871
2319
37804
28454
5696
33243
23188
2384
6578
7306
15377
12817
1865
3841
11449
3356
6351
21012
8929
13069
6136
4149
12272
43569
29610
4416
7781
37309
13398
4255
8770
3989
13471
26452
6957
9935
17760
12358
41334
837
10682
12624
3068
16257
18106
2897
30426
13206
12828
4339
12673
10238
11048
4469
5433
35526
1494
22353
21944
9368
6321
9228
4173
39377
15806
26061
17522
25044
2105
12492
10047
41278
5960
11210
6799
1493
36377
39099
7597
6522
20013
5231
11843
9223
21839
1559
1570
1955
34814
23014
3911
12077
17012
41610
25510
12737
4642
12706
24743
23700
6475
3977
6439
26288
43208
11885
8251
7258
4408
3981
8719
11277
7316
798
35099
10602
22963
44084
25354
8890
25824
3703
11452
12371
8266
12925
41097
10678
31008
4828
3007
4510
25302
12347
6392
4927
11892
4592
7649
29746
38155
9139
10339
3415
3066
11835
8430
14484
4353
13061
44099
7393
30146
5134
11580
20140
5207
25765
11308
9043
9717
34201
3447
43852
3608
3565
5264
12111
765
1554
26284
2445
12470
13290
12171
9847
15427
24281
18472
1197
13959
23004
13436
31505
4453
4215
27698
6977
2146
6154
1619
8445
3693
2900
12841
14977
5018
2473
7093
32458
20121
12090
26589
26205
6766
40830
10062
25203
12750
10227
11572
33929
12831
19034
18129
862
13890
8422
11648
8099
11902
2437
17478
4401
12742
4258
12969
10936
19503
34737
3391
11001
2789
10432
12422
11844
23976
25987
8632
3837
3445
11386
43585
28192
6262
10924
10680
8944
43064
1027
10989
37663
42033
5870
3119
5927
29856
32205
3115
18151
2109
10012
2624
10988
7389
30325
42975
7047
45272
9227
4601
22124
4250
9926
24956
7954
17269
36833
13332
11538
37636
41120
20410
2695
12775
13201
24306
3630
10358
3571
637
37185
40810
16994
26544
4788
27692
8654
9713
7714
9608
7006
7895
18851
30103
6625
11034
957
17503
35637
1026
23827
6010
33992
6464
13172
5310
16701
28173
12390
8221
13450
8549
8766
18227
18038
11525
33069
6137
6000
6152
4086
14428
6283
25512
5896
3234
24690
6819
3282
5682
3173
3373
2462
3249
25739
44842
29633
5547
5606
18486
10338
17418
42348
2030
11263
4527
11802
7373
8058
2948
21184
18444
42538
24211
928
6769
6753
5046
8432
44324
26882
7266
8611
4933
43983
16571
28953
10262
11304
32956
10282
38337
29199
27964
8581
6498
19907
12206
12869
9932
17957
8174
5617
41239
11617
7368
33248
40682
11347
10332
13466
27212
1890
37130
10947
15925
15340
11425
16286
7638
1632
8794
4700
10459
33330
30412
6145
9049
22653
38201
8732
3647
18679
22446
1191
7748
12040
11447
12662
785
11703
9466
6621
20857
39303
20995
6972
4832
8490
22781
29884
3589
6280
12054
5742
26411
4419
8971
27840
4299
12000
25216
12510
4114
6907
16768
9042
1564
6305
5198
5501
5710
32831
10529
9595
4264
1923
12645
12956
18465
11816
4140
7710
8992
14811
3611
23154
9487
35458
9924
8109
1177
9944
6006
4268
4770
12721
5991
14690
20401
7405
33855
20667
7169
11585
3673
4441
2815
12738
40953
12919
15225
13095
12977
17276
11598
10658
11295
911
11505
8264
4970
6993
12569
8925
7578
16315
13373
2910
31359
5348
20080
5209
39095
1038
32354
4684
32596
25866
3664
6270
11115
6224
9275
35212
32719
36433
9364
11541
21809
3702
30561
26839
28083
10577
11189
3863
6644
10594
4279
27361
5544
10625
17169
8173
21010
6695
31462
26576
40006
6732
4717
7049
43583
6267
1907
13089
3125
26493
3953
45164
36551
44554
33186
9552
19234
2084
7431
5860
42174
6161
4834
25241
18921
4300
2715
36858
18657
26291
4050
24969
16880
9557
10388
3658
1077
13527
10892
41450
24434
23409
18558
31098
2644
42778
4134
26731
5829
9659
8468
27297
11871
8570
13282
6897
26357
958
7701
28206
31672
8816
28633
1524
6357
24949
5233
1920
11358
8423
20927
16973
12651
30685
10343
8876
12434
44361
20758
17020
32386
34855
22046
24309
4603
28247
27087
11032
5325
1295
630
6385
5185
5250
4875
28966
2335
28084
12972
29601
13512
12649
2284
10612
13181
3398
28788
6332
26827
40473
12459
38245
11416
2880
18383
25855
3175
4730
36503
21464
6007
12927
6052
13341
20195
22395
6366
1745
2093
5851
5514
29659
44246
7485
6758
9900
11020
16112
11489
3952
39322
5629
13193
10003
5026
43295
6938
13073
9831
8352
6062
3298
5793
18835
7340
11481
40000
9909
7430
1119
24458
3410
24411
2851
28233
6885
14978
27085
17927
5516
5173
8138
5257
6130
11669
42073
11878
41452
4245
8728
32813
13448
4889
17341
17824
6661
24707
9369
5365
9911
36451
8255
11680
5485
27058
23668
8454
4043
8165
10050
2662
12825
11493
9302
21582
26417
34736
31650
10067
42929
5571
40106
11616
13030
31443
3836
3540
11546
1813
5285
39535
10023
4107
36914
17134
4430
10274
34421
10193
12554
8271
3923
1376
3820
1513
1046
10504
6125
32252
26216
10962
7804
11611
3440
13293
6798
25509
4137
42189
3523
30812
24124
8698
7994
13325
3289
31680
40856
12773
34837
13197
3787
3051
11288
13038
4232
3760
13396
12485
43607
29965
2976
4861
2572
11922
11793
32245
2844
42271
8547
20806
7702
11124
2010
2019
28884
3085
1061
37274
15672
8709
6917
8746
17915
30917
39744
4673
7187
12269
3480
2635
13283
20596
2709
11961
29252
29504
7464
19559
16918
2869
2483
6535
11385
43634
31951
18842
30504
3082
1683
31012
6210
12873
9376
4132
6476
2692
27156
6398
13105
6314
11673
9405
12891
3176
6802
32460
817
7734
5460
4399
4077
3357
3361
42082
32542
34154
3124
8514
4335
3374
9051
10719
13255
9870
4683
43430
5091
10194
12335
2615
6789
10579
2808
1116
36033
6633
6455
17446
24870
12556
39341
11062
2601
34575
11443
4845
11037
3657
7399
5755
4558
11180
10394
44592
10684
24101
40564
28720
8760
22832
11325
20489
40482
13962
6585
26055
15048
14115
10713
6049
1768
20618
14732
29918
12159
8556
8446
686
42918
4460
5688
28772
3538
6264
37740
39678
26023
43854
13120
9872
19461
15558
34036
15615
2620
38590
9437
8069
22186
9208
11191
11297
43713
2855
19266
9519
2414
22810
43053
8036
13336
6163
10308
9839
6645
16301
40063
5909
33388
42784
25542
10508
37300
4913
16579
8107
3349
731
31336
45269
11519
12277
2892
1597
33010
29123
7961
25163
16386
12486
9204
18014
705
5303
9522
3412
7194
3163
18336
10885
41752
7461
17076
7291
31494
12198
2518
11009
12407
30988
44990
33340
3197
19509
34005
10389
10188
9045
19240
8122
1796
22911
6871
5203
4616
34152
13090
3924
5174
6793
7660
8821
5505
44368
1882
7861
3266
7127
17903
3286
6837
11929
14620
6186
4058
7991
12268
15928
9290
4862
23512
15914
11116
27181
40381
16418
6748
13051
44660
14498
9426
7975
2997
10883
36234
12913
23263
12678
5631
26780
5481
40486
4725
4915
11919
9475
10481
10867
7547
11779
15398
8786
1638
3710
7507
5634
1546
10516
37044
39666
21239
14471
1289
13300
8804
20103
3753
3379
5887
34450
15893
34355
9597
6457
42013
12827
11778
26377
33401
8713
33846
12811
460
10368
5549
26597
5888
40031
6036
5183
11660
8840
5312
13349
7085
20161
13002
4474
5222
4769
37802
2890
10558
6749
12802
6420
1316
11894
24082
12166
6379
11431
10431
42032
4495
1133
11625
7834
6449
8379
10628
29883
30964
14783
1435
28975
40390
9430
6200
11324
10616
5182
28019
5583
8227
22650
7844
9920
10159
6098
19712
4506
1815
38495
12751
9498
11545
5146
8212
6304
11920
17735
26693
12747
6168
2220
28198
7739
11390
2037
3240
7868
1818
3802
15811
7066
7596
4256
13270
31193
5572
8525
13096
2118
30099
5513
2051
12848
27787
35748
38054
7447
21458
4068
14478
3161
1218
5607
5912
4988
34931
12306
26929
9162
42014
33943
5536
3073
2217
28491
5841
8080
13717
11731
45313
9731
39564
31161
25636
14459
8060
27672
4641
36266
36929
42214
1348
2531
13138
12354
17766
40301
43077
31277
43879
13454
11826
12690
4991
7865
6478
8604
13343
19932
11147
42876
42775
8646
19532
5966
9780
3519
2240
9454
9987
17605
31610
6681
6046
7692
6308
2862
10973
12075
28321
34562
8216
11202
9910
28456
12345
5619
9810
8000
12885
26973
25230
20108
1876
2156
13213
11727
8895
28335
10256
30945
4573
2702
3612
25712
2275
14515
10986
1407
7081
13903
29862
37423
7603
10632
7019
40929
11351
4470
2371
1762
4561
9356
2805
2642
34410
44742
16775
812
4129
10696
5894
11696
8513
6483
15868
10512
918
12374
36379
2164
4319
3337
3818
5848
4990
32251
8914
3583
9286
10826
8168
15968
29224
5217
9083
3726
6166
11394
3741
14296
23628
4841
7310
11631
36112
8078
32462
4961
5378
12881
12134
12293
5803
5632
10758
11465
12880
38962
5638
8818
8718
7573
5553
24152
8028
2095
5392
34627
17059
8125
19883
8178
37540
14877
28057
13278
2714
6266
7940
12361
1862
13267
11487
11016
39628
9280
21474
11540
3117
11970
2787
17094
38394
2008
24244
1344
6028
8700
6935
6598
6841
36694
13272
8543
21291
11615
8831
2130
1869
1927
5114
28447
1708
32048
36362
3632
44861
4549
32639
3813
17313
31824
19546
34783
8357
42755
15840
13464
9873
14069
4125
11306
3555
14460
36123
5305
37671
7912
2407
8945
3644
11321
8567
12426
12847
3593
23734
4849
6361
8367
17000
15244
44014
10224
2784
2367
11888
567
4713
2597
2003
10354
8420
11474
19039
11042
1300
11953
3245
11724
772
8564
9198
12128
4343
9644
42833
11792
11925
8095
10862
10405
10124
1359
12018
38379
2408
11646
44055
28588
41076
3502
11905
7798
12851
33577
6260
3653
5797
31606
11365
15604
9181
24940
11756
20975
20435
10391
11135
9981
12726
13115
5582
10101
3438
29904
2922
9145
6060
18389
1975
5854
8526
27407
5188
24334
34443
4361
1260
24826
8983
9154
6110
42137
8948
7410
24958
11398
9027
9830
5057
23526
10790
1782
9646
6999
42023
7910
2150
33007
3551
27728
5911
8772
29578
1977
2758
6155
7974
39173
12251
2141
22298
10580
13478
19016
8710
12382
1925
3667
4444
44232
7815
11123
24183
10374
26236
30365
7936
16947
12543
12936
21579
4147
18761
15105
4699
21189
4973
6986
10250
11273
11927
40402
39219
8465
2348
1689
20093
13413
10897
36835
6239
5890
3167
38776
3549
13361
10640
11301
24157
1180
988
6845
35353
2477
9375
4568
18394
8529
10544
20371
1307
11801
5000
38371
11279
5756
7845
3912
6940
3142
20446
17435
4863
9786
4030
7147
5302
35479
9805
6175
27369
11645
42826
11280
13354
9937
9411
5178
7825
41982
9105
9267
23819
7285
11989
15265
34357
27502
27484
3221
2000
6555
8548
9025
32601
9601
908
8523
31248
6432
11720
39715
29329
3645
9539
6236
17028
9278
30072
21031
4092
6373
8180
4482
12255
22705
12058
12868
12430
43602
7168
11463
1593
27094
2524
32615
22270
2190
11026
3360
5871
3433
40295
31189
6312
12388
9384
2947
12387
12588
18490
7036
33819
7243
4604
30390
7805
25473
10209
34405
5390
40775
27722
5947
8892
36520
7634
1320
39155
8518
13298
23699
10152
2278
8879
11419
17022
1816
3277
7149
8373
1511
8301
13035
29409
30151
12877
6412
11117
7267
7824
9592
8316
10789
10096
16131
8013
4954
28919
17575
7608
10376
24235
9628
9133
2649
4609
6109
9343
612
5994
41643
30363
6996
6785
10808
18427
27006
12538
12910
2648
14795
5301
4347
42195
18614
30218
38289
2423
15209
1803
8854
12702
2907
20896
7522
5922
11722
12132
4732
4064
25833
15190
11637
25662
16302
5416
16828
13279
36263
5990
5373
42679
24212
13080
7606
3962
39256
21563
444
43448
6812
9610
30386
34083
43793
34348
5044
10731
9798
44586
7581
6254
23820
9657
5010
9016
9168
34882
31797
28567
19467
4177
969
866
11713
4882
10526
2984
3242
10646
15197
4602
3959
6484
1405
2617
37736
9034
25870
41064
8256
4248
324
1086
6354
11849
14803
5350
44879
5863
40042
21992
14590
7579
9213
25497
6069
24127
10916
44538
2425
33837
40974
10039
10020
7018
10718
12491
9399
10182
9673
4018
11429
24501
38903
5090
2873
6435
8203
30399
33623
30173
3587
1701
7747
9878
28708
7325
1395
6716
10365
6288
6409
14570
6292
10900
8612
9078
12514
33344
38154
7538
6101
35354
14931
9596
29378
5612
3958
7470
1611
11619
8084
7321
11811
25764
1439
1825
23943
27647
17452
13044
1485
10487
4280
11664
4734
13284
12816
14444
1953
22223
11976
16967
1891
31209
4228
393
21296
8410
7629
7450
16550
5176
10106
2242
18302
42376
40493
6153
8320
14266
5713
29011
4384
22216
12850
15321
13235
13344
10034
35009
9761
8128
12183
25926
11249
10241
6061
12700
33255
5935
44703
6196
4580
3127
3108
9700
34886
5591
11534
12830
9623
12085
3270
42222
2975
6113
10307
7937
1939
8342
8431
9295
18832
9233
37472
588
4447
5130
1491
6401
30512
12664
1650
33179
729
9284
16792
39295
33395
8119
9894
21422
11939
7434
12028
18109
7757
2301
9570
36772
10926
8982
7247
35858
10645
951
11315
1897
40565
33903
44195
7192
7479
13104
6261
13015
8889
7196
32192
43231
6893
2254
10303
4240
2903
7211
12903
28630
25986
7495
11077
8434
12695
5319
13244
4852
6650
6462
5984
5623
8259
10593
1486
43296
6836
24980
13708
12568
28496
6033
9929
9214
6665
16390
2953
38327
6195
4813
6466
9602
12519
5652
9849
31338
2339
19488
8940
727
3885
9893
11879
14376
5268
12876
32547
5256
30457
18837
2599
4577
29694
27803
4502
17801
20072
10424
186
22212
9501
12594
2460
31429
40194
26010
1736
43289
31910
3708
38831
18099
40464
42964
5599
44334
5566
8859
5708
5352
8572
9740
2551
11010
43844
7295
4308
9726
14759
7016
5339
12641
7669
5868
4968
3520
5080
44110
3884
12815
9959
9387
5047
7239
2297
23910
13004
44262
41762
19756
41630
6743
36047
11880
8830
30529
7212
13252
29073
3036
5076
5472
5321
19765
13314
5405
39476
11683
11627
21973
3903
1985
12718
29771
11676
18635
6636
13377
5953
32057
6945
24703
8323
9066
2251
10782
29744
15810
3529
5653
2637
35958
11840
41039
1910
1045
7185
8649
29490
2996
8237
6843
32438
39586
18353
1783
11085
10422
10966
17548
5215
2099
1411
10786
6480
23797
5158
8935
3478
5361
11065
4839
6950
6339
22767
29332
3744
35523
8771
9455
24867
44004
17306
35164
5279
7458
25806
5559
5401
37650
32846
1608
8990
13740
7709
12854
31270
21798
10165
12786
15138
27211
12600
5211
12938
5234
17273
12787
11241
4695
18071
10244
43029
19658
15841
22299
5098
6603
45342
5880
5787
32607
2012
5074
8885
9953
5162
37903
40757
5757
295
4311
16798
9056
42969
40978
5889
28666
2952
10064
14664
11842
9993
13418
2377
20973
9373
34769
13027
21083
26201
1276
28650
45001
6235
3303
11356
34123
1522
4094
5649
15108
2654
17105
22625
21919
27634
11974
14093
11445
3974
22794
6507
7637
10545
3435
10872
9200
12627
11451
40607
21602
2616
11633
29110
1234
7646
15713
34675
9636
37326
5975
33979
1908
8158
18804
3183
13751
4271
14915
4591
1279
19639
4590
12214
4692
7375
22694
3492
7690
3487
4857
11794
3344
6606
7481
6100
29424
13402
27315
28920
13360
5586
11495
13363
8037
6587
18936
39080
5212
2202
6591
37905
5923
31223
30598
8648
25990
2065
3887
9102
29483
27851
9904
9362
5227
3292
40135
3284
30605
13955
1614
25821
12781
4697
35375
3501
12676
12983
6268
35435
7369
8748
28479
24321
4708
27640
4775
25269
23347
28713
10215
17741
11125
1535
28009
3641
30499
4208
24736
4880
14642
20376
10253
34686
17312
11081
7530
21504
1083
9892
12366
6448
38967
8684
3113
35293
2643
16039
7067
27441
6376
3252
5351
44344
7989
1122
10803
12089
15717
45317
9309
13130
5283
6517
7331
6539
8576
21939
14765
8747
10414
11772
4425
10038
11626
24837
15167
9979
8551
14534
4640
3972
41952
1409
13810
22044
7425
11168
18690
33939
27643
24436
7329
43930
3770
25704
13092
3925
13939
35639
44980
4061
4551
27140
5809
7234
20919
21614
5830
43988
5780
3321
6349
7823
3437
4491
6729
11061
10807
42071
6219
3200
2194
10453
3139
3044
4829
9055
7221
13187
7735
44383
9586
10969
7097
13111
15999
13405
2818
4916
9593
13552
36179
2525
3858
5094
11653
6806
3320
1730
3312
41201
16362
25837
6614
12297
22706
8223
12644
4935
2589
43636
10334
6515
1848
40760
3090
6350
3444
3470
19857
28255
7776
12950
11226
7983
970
1966
13050
2257
8941
3462
40784
4748
39524
12093
920
4257
3203
26793
12504
17396
42140
12024
11592
4643
11021
17149
37335
13176
8191
5461
28914
4044
12174
11887
3133
43358
4619
6450
33392
5839
5528
6139
1523
7619
2036
33386
7959
15268
42305
1931
9395
13113
5447
31150
10837
9473
23541
9441
45080
7228
26699
10533
18627
12650
26891
1592
17376
13072
3790
9069
5049
9850
7866
36575
13698
26315
8055
40936
10139
8946
10125
8463
13262
8592
7056
1205
5225
7699
10426
1839
43058
7377
10300
2441
2849
9518
20129
18769
20813
32313
12384
4528
12571
7774
12567
10204
2029
32348
3180
7342
11227
24897
14719
4326
3723
2841
519
6138
6797
6525
3984
8788
30275
12584
6192
13319
1915
10802
24148
7557
43909
5388
19959
4687
32863
13438
4535
17493
29127
33618
2448
32161
5104
6410
6973
13425
12315
8815
13452
8245
6861
10225
12041
7531
10861
40920
11699
12236
21487
36885
5600
42638
19256
11199
8845
6259
11886
3204
32290
27720
7484
44220
10629
21897
20634
25402
20692
28514
18222
9611
27307
1202
9432
17414
22654
11914
11508
1501
9895
20189
6727
5903
2298
5459
21423
7004
3056
3704
2207
2950
29619
8363
28274
20536
3671
41892
40214
11212
15625
41125
11313
25690
12344
3338
43652
7732
5718
8202
13261
10174
9193
5434
6923
13275
2009
11954
8848
6009
1591
7330
6908
19535
32128
16565
21678
36176
11621
7539
15310
6232
10923
31581
9526
5019
11396
4688
8081
1700
13432
4981
6675
4999
9013
12202
13166
11333
7478
34374
13338
10770
5191
25499
24088
38608
3823
5107
8287
2333
39116
40764
12921
10909
17706
7273
6116
4851
6516
10439
24500
24888
1781
2611
41675
23841
4429
42995
42220
6419
21787
11011
6731
12549
11726
22356
24532
32375
2380
9428
5326
24027
10846
5123
31035
30580
2706
12974
32782
7418
25134
4087
38919
11216
10638
8835
6583
21541
23405
4838
16406
8388
11393
24748
32640
18344
5278
12022
11367
23149
6859
22320
10092
10190
21812
11197
9624
10496
44097
21698
6913
6639
9919
5805
11067
15892
13366
15556
6911
19463
3937
10243
3348
6330
6848
28273
41321
4124
23760
24262
23850
6680
39471
3576
5064
32485
26381
9862
12776
26361
40798
38297
8800
2801
40800
5055
7210
8596
44686
33438
6770
15289
8595
34456
11248
6040
7113
5307
1678
36597
2134
25904
7034
8585
44103
4738
10127
42548
2942
7907
4224
5054
9006
5291
6372
7569
9897
24877
13151
22613
742
7415
8427
19525
3932
12477
38794
931
6756
10137
7437
40488
25273
5252
4458
818
7571
5730
5554
37665
10269
12708
17610
35399
9989
16656
4662
28079
32408
7236
7302
6426
10009
9580
10361
13427
11317
1636
7799
21754
8031
8817
3804
11513
4259
6954
30220
7328
43379
10177
8086
6282
6528
8774
39162
11766
5700
10157
36988
11531
9716
20045
7165
26859
3057
9392
30076
4428
4374
7883
9235
10196
20384
43682
13481
3358
8283
23518
10110
12843
45025
2982
23752
31916
9606
744
7152
32559
22408
44639
35895
10131
29338
2559
31056
8061
6429
3729
33469
8240
7958
12741
11104
9663
5497
36231
11457
36961
6184
3518
22139
6822
24360
7903
4538
29122
6627
6534
12224
2291
12767
20565
4362
37292
8616
3229
2610
8501
30970
9744
8224
5557
11799
1230
6127
38971
9180
36658
5729
1863
12853
42040
10910
8708
18157
42858
8327
4539
6828
27894
8802
19545
13190
635
41917
2923
25096
1930
21124
10360
6858
7226
3776
5625
44728
9785
1368
17491
36640
3824
31511
1705
10819
535
1912
38311
23071
6285
12417
12181
16511
33854
1947
11711
3654
34879
3247
8972
1713
5309
17507
39151
9271
5208
5105
1408
40156
41413
7422
19455
37314
11337
30576
9655
42037
12416
3498
8006
4272
45285
4212
33181
22959
5831
31302
26492
12442
11877
11378
2673
6301
45339
36584
4957
4753
7680
36591
26518
29048
7784
42043
4091
44213
6395
2990
5808
10216
12740
6780
36910
6143
7394
2619
11379
5469
11035
13185
40983
42507
34268
5885
6855
36819
12794
6870
8754
15506
44128
11862
4081
2256
13292
15369
21069
10863
32007
7026
3160
16566
28647
38677
12900
8722
8761
10507
10301
3128
26779
39117
9675
6750
11464
27389
4955
11395
9187
2842
6487
7374
9400
14474
2966
1328
12785
28817
5926
12429
9905
5905
17171
7626
4878
2182
3634
5786
6120
8130
18278
7429
9003
11951
14994
10446
7764
19741
22759
9110
6704
8246
11832
8807
29605
9026
12130
11051
38510
25318
5153
1382
13419
12951
21421
3745
5920
41275
13571
6387
6368
7276
27366
4476
13469
8642
20374
19137
1777
7964
11444
45262
20836
11594
8384
13171
7996
774
11260
8484
1532
13127
43809
5574
43741
18854
2843
9217
11083
10960
34962
2350
11557
13322
2370
5180
9822
2494
34511
9639
6963
8875
1979
1135
40140
12902
9360
11161
44313
26611
3185
8144
11138
5657
4223
1844
28972
11357
14048
24771
5916
8660
16307
6510
27791
2189
4632
8504
44850
13100
36396
6207
11604
11579
6064
5748
32851
7999
4136
10429
4987
11622
8161
40242
9250
7454
7106
30251
9579
2680
8676
3548
31953
12196
4001
8453
961
3909
8870
11610
43085
4144
16673
10207
12039
15313
10971
8650
2033
4876
4395
31264
9367
9656
39632
43302
11642
36270
2775
12076
28035
13324
1840
40040
19322
36659
5838
4017
17228
2210
8542
9686
12189
3941
9521
12356
7602
9814
10450
9638
2555
7262
7986
8396
6091
6784
12330
3769
38045
44961
8250
15065
43739
28976
7856
10606
11027
12191
11679
28306
5670
29656
33541
27831
7792
10622
16351
29341
1375
10715
44386
24943
33554
39281
2813
12752
6767
8615
9300
12772
11721
1296
18520
19058
22094
6485
6573
14716
1893
10412
36250
42651
44500
9005
286
27228
11677
3982
4079
2439
3274
30789
10189
4766
9533
29572
13775
1754
40033
5300
43427
6459
2588
19180
6872
20238
22344
30961
15966
43551
7830
662
44612
37340
6206
2281
29031
11299
10122
6593
1703
23890
9453
11093
38494
4490
36272
7396
880
39997
7997
30135
7519
9460
10048
10571
11470
27571
8098
23336
11080
6107
16500
33686
10611
3893
7785
8312
21869
1356
4486
13359
2899
6686
25757
34209
9748
1214
12563
43386
8106
4162
5869
38343
33290
13787
10233
12586
33139
7414
6900
38723
8716
36979
3588
5646
40498
13456
4021
2171
31594
6506
20340
10447
41081
37682
8509
12724
2847
11472
25991
45040
27691
3238
33543
7413
1473
6017
4600
10698
5674
21440
8401
35644
5723
1634
11174
38818
5968
13088
8839
8560
10670
1682
43059
5601
5802
10242
30172
7532
4572
11018
21469
31321
18024
5167
9845
33692
28356
7919
1960
6552
3516
7543
9708
743
12878
1264
4020
44670
42947
1707
7765
2690
5691
7261
9129
12526
5298
6762
36065
15924
3159
40619
7816
8116
9538
9472
8852
8903
4722
10103
26248
10747
36392
6394
7078
7463
10200
16985
8515
5810
2708
4352
18727
12038
33444
21656
35944
5488
2129
7706
20640
1622
6408
2717
8555
22361
15198
6570
8874
9618
7319
6291
33497
11693
6159
37486
6331
10362
5819
11583
11296
11714
7644
35220
40548
10430
17581
12694
6711
5165
40761
7909
4480
5015
8656
24420
20335
8475
8528
879
29138
9299
7848
15532
15379
44766
20811
37983
12278
4340
4617
4626
8635
28639
2117
8806
7225
3143
10212
3853
17765
44715
28005
11063
4270
7448
10046
6554
5184
7033
42602
2913
7465
10427
6968
13340
45241
1324
23542
16037
9061
39951
11933
1779
7457
31265
9842
3388
45176
12852
4567
18386
8034
11561
39847
4542
4712
8557
9098
5287
9325
9698
7477
5825
17898
18825
14132
36838
6068
5068
8477
12474
3328
6813
12499
8775
12153
4939
3949
18551
7642
6811
29559
7627
7759
44690
2347
8088
19847
33055
33665
12688
3859
6825
18990
11114
12287
43871
40077
12103
9622
45196
688
1291
25383
15360
5077
31215
11606
22319
1458
2746
12524
12203
8485
13295
15371
6553
29006
9201
37090
6250
11623
12046
9883
2580
9733
25480
13083
8638
5897
8517
13016
11164
16132
4726
12915
11211
8639
383
4109
8588
8091
5029
9189
6058
6869
16891
7451
15887
8563
2308
3190
22109
4139
39348
28154
8150
11691
5892
3649
43609
6549
44515
2179
8492
42881
2310
2994
12029
8304
5988
34101
32369
8290
16489
21551
33989
6721
21750
24034
37214
18902
10401
769
4113
7525
9141
9374
7727
37363
12814
11771
1309
9224
27846
7253
10953
42816
7288
6718
3600
1970
2626
13474
871
1280
10053
10919
9922
13390
7740
25596
4461
10737
18964
40234
22301
7195
14217
7558
827
5843
11963
27743
13446
5340
19473
5082
44727
4789
3235
7188
5715
9763
17894
3956
12101
2316
41344
38072
4373
4457
20982
8027
2971
4605
4587
6274
3406
4238
20058
3976
1418
3275
30415
5431
43808
42915
7758
5411
8048
