2411
24124
24127
2412
24148
2414
24152
24157
2416
24173
24182
24183
2420
24211
24212
2421
24235
24239
2423
24244
2424
24259
2425
24262
24268
2426
24270
24281
2428
24294
2429
24306
24308
24309
2430
2431
24320
24321
24330
24334
2433
24343
24355
2435
24360
2437
24389
2439
2440
24411
24414
2441
24420
24434
24436
24446
24458
2445
2446
24486
24487
2448
24495
24500
24501
24507
24524
24532
24538
24548
24555
2455
2456
24573
24577
24579
2457
24596
2459
24601
2460
2461
24622
2462
24648
2464
24654
24669
2466
24689
24690
24697
2469
24703
24707
24709
24715
2471
2472
24736
24737
2473
24743
24744
24745
24748
24752
2475
2476
24771
2477
24781
24806
24807
2480
24820
24826
2482
24837
24839
2483
24846
2484
24867
2486
24870
24871
24876
24877
2487
24880
24886
24888
2488
24897
2489
24908
24915
24917
24938
24940
24943
24949
2494
24956
24958
24963
24969
2496
24980
24986
2498
24994
2499
2500
25022
25025
25033
2503
25043
25044
2504
25053
2505
25092
25096
25099
2510
2511
25134
25139
2513
2514
25163
2516
2518
2519
25201
25203
2520
25216
2521
2522
25230
25237
25238
2523
25241
2524
25250
25251
25257
25258
2525
25269
25273
2527
2528
2529
25302
2530
25312
25318
25319
2531
25323
2532
25336
2534
25350
25354
25358
2535
25373
25376
2537
25383
25385
2538
2539
25402
25413
25425
2543
2546
25473
25479
2547
25480
2548
25490
25497
25499
254
25509
25510
25512
2551
25523
2552
2553
25542
25554
2555
2557
2558
25590
25591
25596
2559
2560
2561
2562
25636
2563
25641
2564
25655
25662
25664
25680
25685
2568
25690
25704
2570
25712
25726
2572
25739
2573
25741
25754
25757
25759
2575
25764
25765
2576
25775
257
25806
2580
2581
25821
25824
25833
25837
2583
2584
25855
25856
2585
25864
25866
25870
25885
25887
2588
25897
2589
25904
2590
25920
25926
2593
2594
2595
25960
25961
25974
25977
2597
25985
25986
25987
25990
25991
25995
2599
259
26001
26003
2600
26010
26013
2601
26023
26035
2603
2604
26055
2605
26061
26070
2607
2608
26096
2609
26102
26108
2610
2611
2612
26141
26146
2614
2615
2616
2617
26182
2619
26201
26205
26209
2620
26216
2621
26236
26238
26239
26242
26248
2624
2626
2627
26284
26288
2628
26291
26296
2629
26303
2630
26315
2631
2632
26340
26352
26357
2635
26361
26377
2637
26381
2638
26397
2639
26402
2640
26411
26417
2641
26421
2642
2643
2644
26452
2645
2646
2648
26492
26493
26498
2649
26504
26505
26513
26518
26521
2652
2653
26544
2654
26550
26576
26581
26589
2658
26597
26603
26606
2660
26611
26618
26629
2662
26630
2663
2664
2666
2667
26687
2668
26693
26699
2669
266
26710
2671
26731
2673
26757
2675
26765
26769
26777
26779
2677
26780
2678
26793
26794
26795
2679
2680
26816
2681
26823
26824
26827
26829
2682
26839
26849
2684
26850
26857
26859
2685
2686
2687
26882
26891
2690
26929
2692
26933
26939
2694
2695
2696
26971
26973
26974
26978
2697
2698
26998
269
27006
27023
2702
2703
27058
2705
2706
2707
27085
27087
27089
2708
27094
27097
2709
2710
27118
2712
2713
27140
27145
27148
2714
27156
2715
27162
27177
2717
27181
271
2720
27211
27212
27218
2721
27228
2723
2725
27265
2726
2727
27282
2728
27297
2729
27304
27307
2730
27315
2732
27331
27336
2734
27357
27361
27366
27369
2736
27370
27375
27389
2738
2739
273
27407
27411
27413
2741
27441
27444
2744
2745
27467
2746
27480
27484
2748
274
27502
2751
2752
2755
27566
2756
27570
27571
27575
27577
2757
2758
275
27602
2760
27617
27626
2762
27634
2763
27640
27643
27647
2764
2765
27661
27666
2766
27672
27691
27692
27693
27698
276
2770
27714
27715
2771
27720
27722
27728
2772
2773
27741
27743
27756
2775
2776
27772
2777
27784
27787
2778
27790
27791
27793
2779
277
27803
2780
27812
2781
27824
27828
2782
27831
2783
27840
27846
2784
27851
27854
27859
2785
2787
27884
2788
27894
27899
2789
27904
27918
2791
2792
27939
2794
2795
27964
27972
27985
2798
2799
279
28004
28005
28009
28010
28012
28019
2801
28028
28029
28035
2803
28044
28048
28051
28057
2805
28061
28066
28075
28076
28079
2807
28083
28084
2808
28100
28105
2810
2811
2812
2813
2814
28154
2815
28161
28168
28173
2817
28184
2818
28190
28192
28198
281
28206
2820
2822
28232
28233
2823
28247
28255
28263
28273
28274
2827
28281
28285
28286
2828
28295
2829
28306
28321
28335
28349
2834
28356
28361
28370
28377
2837
28384
28399
2840
28410
2841
2842
2843
28447
2844
28454
28456
2845
28464
28479
2847
2848
28491
28496
28498
2849
284
2850
28513
28514
28518
2851
28530
28536
28537
28556
2855
28567
2856
28577
2857
28582
28588
2858
28590
2859
2860
2861
28626
2862
28630
28633
28639
2863
28647
2864
28650
28659
28666
28669
2866
2867
28682
28698
2869
286
28700
28708
2870
28713
28714
2871
28720
28725
28726
2872
28736
2873
2874
2875
28772
28778
2877
28785
28788
2878
28790
28804
28809
2880
28817
28820
28825
28828
2882
28838
28854
2885
2886
28884
28885
2888
2889
28900
28906
28909
2890
28914
28917
28919
28920
2892
28937
2893
28948
28953
2895
28966
28972
28975
28976
2897
2899
29006
2900
29011
29012
29031
29036
2903
29048
2904
29058
2905
29063
29073
2907
29087
2909
290
29101
2910
29110
2911
29122
29123
29124
29127
29138
2913
29140
29168
29169
2916
29176
2918
29190
29195
29199
29208
29224
2922
2923
2924
29250
29251
29252
2926
29271
2927
2928
29293
292
2930
29313
29319
29329
29332
29335
29338
2933
29341
2935
29370
29377
29378
2937
29382
2938
29394
29409
29424
2942
29436
29437
2943
29446
29449
29464
2946
2947
29483
29489
2948
29490
2949
29504
29505
2950
2952
2953
29547
2954
29550
29559
29568
2956
29572
29578
2957
2958
29597
295
29601
29605
2960
29610
29611
29619
29626
29633
29647
29654
29656
29659
2965
29664
29667
2966
29672
29677
2967
2968
29694
2969
2970
2971
29720
29728
2973
29744
29746
2974
2975
29762
2976
29770
29771
29795
297
29802
2982
29842
2984
29852
29856
2985
29860
29862
29868
2986
29873
29883
29884
2989
29904
2990
29918
29929
2994
2995
29965
2996
2997
29981
29982
30007
30013
30023
3002
30038
3004
3005
30072
30076
3007
30099
30103
3010
30125
30135
3013
30142
30146
30149
3014
30151
3015
3016
30172
30173
30175
3017
3018
30193
3020
30217
30218
30220
30227
30228
30235
3023
30245
3024
30251
30275
3027
30282
30284
3028
302
30302
3031
30325
3032
30361
30363
30365
3036
30379
3037
30386
30389
3038
30390
30393
30399
30412
30415
30426
30428
30431
30433
30439
3043
3044
30457
3045
30462
30475
3047
30499
3049
30504
3050
30512
30514
3051
30524
30525
30529
3052
3053
30549
3054
30561
30569
3056
30576
3057
30580
3058
30598
3059
30605
3060
30611
30617
30620
30654
3066
30677
30685
3068
30698
3069
30703
3071
30732
3073
30744
30751
3075
30766
30770
3077
30780
30789
30793
30795
30802
3080
30812
30819
30821
30822
3082
3084
30854
30858
3085
3088
3090
30917
3091
30924
30925
3093
30945
30948
30953
30961
30964
30970
30972
30975
30988
3098
31008
3100
31010
31012
31015
3101
3102
31035
3103
31042
31050
31053
31054
31056
3106
3107
3108
31098
3109
31101
31115
3111
3113
31150
3115
31161
3116
3117
31189
31193
31194
3119
311
31209
3120
31215
31223
3123
31248
3124
31255
3125
31264
31265
31270
31277
3127
3128
31297
3129
31302
31307
31316
31321
31336
31338
3133
31354
31359
31362
31363
31374
3137
3138
31394
3139
3140
3141
31429
3142
3143
31443
3145
31460
31462
31465
31467
3146
3147
31491
31494
3149
31505
31506
31508
31509
31511
31517
31527
3152
31539
31548
3154
3155
31581
3158
31591
31594
3159
315
31605
31606
3160
31610
3161
3163
3164
31650
31654
31667
3166
31672
31679
3167
31680
31681
3168
31695
3169
3170
3171
3173
3174
3175
31762
3176
3177
31785
31786
3178
31791
31797
3180
3181
31824
3182
31836
3183
3184
31856
3185
3186
31871
3188
3189
3190
31910
31913
31915
31916
31919
3192
31951
31952
31953
31960
31962
3197
31981
31985
3198
31994
32000
32004
32007
3200
32013
32019
3201
32022
32027
3202
3203
32041
32048
3204
32057
3205
32061
32062
3206
32086
3208
320
3210
32117
3211
32123
32125
32128
3212
32133
32147
32149
3215
32161
32165
32173
32177
3218
32192
32193
32195
32199
3219
32205
3220
32212
3221
32225
32227
3222
32245
3224
32251
32252
32257
3226
32278
3227
32287
3228
32290
32298
3229
32301
32312
32313
3231
32322
3232
3233
32347
32348
3234
32354
3235
32369
3236
32374
32375
32378
3237
32386
32387
32388
3238
32398
3239
32404
32408
3240
3241
32421
3242
32438
3243
32442
3244
32458
3245
32460
32461
32462
3246
32479
3247
32485
32489
3248
3249
324
3250
32515
3252
3253
32540
32542
32547
3254
32559
3255
3256
32596
3259
32601
32607
3260
32615
32620
3262
32639
3263
32640
32652
3265
3266
32682
3268
32694
32695
32699
326
3270
32715
32719
3271
32725
3272
32740
3274
32750
3275
32771
3277
32782
3278
32798
3279
32800
32808
3280
32813
3282
32831
32835
32846
3284
32851
32853
3285
32863
3286
32873
32876
32897
3289
3292
32931
3293
32951
32955
32956
3295
3296
32975
32976
32980
3298
32995
33007
33009
3300
33010
33011
33014
33015
3301
33022
33031
3303
3304
33053
33055
3305
33069
3306
33094
33097
3309
330
33109
3310
3311
3312
33130
33137
33139
33141
3314
3316
33179
33181
33186
3318
33193
3319
3320
3321
3322
33233
33235
33237
3323
33243
33248
33255
3325
33271
3328
33290
33296
3329
3330
33323
33329
3332
33330
3333
33340
33344
33351
33364
33366
3336
33371
33374
3337
33386
33388
3338
33392
33395
33401
33409
3341
33422
3342
33438
3343
33444
3344
33452
3345
33469
3346
3348
33497
3349
3351
3353
33541
33543
33546
33548
3354
33554
33556
3355
33563
33567
33569
3356
33577
33578
3357
33586
3358
33592
33594
3360
33618
3361
33621
33623
3362
33647
33648
33650
33665
3367
33686
3368
33692
33696
3369
336
3371
33729
3373
3374
33754
3375
33765
3376
3377
33781
33782
33789
3379
337
33807
33819
3381
33823
33837
33841
33842
33846
33854
33855
33857
3385
3388
33890
33891
33903
3390
33912
33915
3391
33929
33939
3393
33943
3394
33954
3395
33973
33979
33989
3398
33992
3399
34005
3402
34033
34036
34038
34055
34058
34068
3406
34073
34079
3407
34083
34087
3408
34093
34097
3409
34101
34102
3410
34117
34123
34128
3412
34149
3414
34152
34154
3415
34168
3416
34189
341
34201
34203
34209
3420
34228
3423
34246
34267
34268
34269
34273
3427
34288
3428
342
34304
34305
34307
3430
3431
34321
3433
34342
34347
34348
34355
34357
3435
34361
34374
3437
3438
34394
343
34402
34405
3440
34410
34421
3442
34430
34437
34443
3444
34450
34456
3445
34472
34473
34474
3447
34484
34486
34511
3451
34531
3453
3454
3455
34562
3456
34575
3457
34589
3459
3460
34617
3461
34627
3462
34631
3464
34658
34660
34664
34667
3466
34675
34676
3467
34685
34686
34687
3468
3469
346
34707
3470
34716
3471
3472
34736
34737
3473
34742
34744
34749
3474
34769
3476
34783
3478
3479
34800
3480
34814
34819
3481
34824
3482
34837
34855
3485
34863
3486
34879
3487
34882
34886
3488
3489
348
34919
3491
34929
3492
34931
3494
34962
34964
3496
34972
34981
3498
34997
34999
3499
35009
3501
35022
3502
35036
35044
35047
3504
35050
3505
35069
3507
35087
35094
35096
35099
3509
35100
35103
35106
3510
3511
35154
35155
35156
35164
3516
35179
3517
3518
35190
35192
3519
3520
35212
3521
35220
3523
35242
35243
3524
35261
3528
35293
3529
352
3530
3531
3532
35330
35338
3533
3534
35353
35354
35357
3535
35375
3537
3538
35390
35394
35399
3539
353
3540
35410
35423
3542
35435
3543
35443
35450
35451
35458
35470
35479
3547
3548
35493
35499
3549
354
35500
3550
35512
3551
35523
35526
3553
3554
3555
35561
3556
3561
35630
35637
35638
35639
35644
3565
35669
35675
3567
35683
3568
35694
3569
356
35709
3570
3571
35735
3573
35748
35749
3574
3575
35768
3576
3577
3578
3579
357
35800
3580
3581
3582
3583
3584
35858
3585
35867
3587
3588
35895
35898
3589
3590
35926
35927
3593
35944
35948
35949
3594
35953
35958
3595
3597
3598
3599
3600
3601
3602
36033
3603
36047
3604
36065
36066
36070
3607
36081
36084
3608
36090
360
3610
36112
3611
36123
3612
3613
3614
3615
36163
36164
3616
36176
36179
3617
3618
361
3620
3621
36220
36231
36234
36236
3623
36250
36263
36266
3626
36270
36272
36280
36286
3628
36303
3630
36314
3631
36327
3632
36331
3634
36362
36368
36377
36379
3637
36386
36392
36396
36407
3641
36422
36433
3643
3644
36451
3645
36473
36479
3647
36489
36491
36494
3649
36503
3650
3651
36520
36534
3653
3654
36551
3655
36565
3656
36574
36575
3657
36584
3658
36591
36593
36597
3659
3660
3661
36620
3662
36638
3663
36640
36645
3664
36658
36659
3665
3667
3668
36694
36695
3669
366
3670
36712
36718
3671
3672
36738
3673
3674
3675
3676
36772
3677
36787
3678
3679
3680
36819
36821
3682
36833
36835
36837
36838
3684
36858
36860
36865
36871
36880
36882
36885
3688
36894
3689
36910
36914
36929
3693
3694
36959
3695
36961
36972
36979
36982
36988
3698
3699
3700
37012
37026
3702
3703
37044
3704
37053
3707
37082
3708
37090
3709
370
37100
37106
3710
3712
37130
37131
3714
37178
3717
37180
37185
3718
37197
37208
37214
37221
3723
3724
37253
37254
37263
37266
3726
37274
3727
37288
3728
37292
3729
37300
37307
37308
37309
3730
37314
37326
37329
3732
37335
3733
37340
3734
37362
37363
37372
3737
37387
37392
3740
3741
37423
3742
37430
3743
37440
37441
3744
37459
3745
37465
37471
37472
37477
37486
37494
3749
37506
37511
37513
37515
37516
37518
37519
37524
37527
3752
37532
3753
37540
3755
37567
3756
3758
3759
3760
37613
37636
3763
37641
37650
3765
37663
37665
37671
37674
3767
37682
37691
37695
3769
3770
37715
3771
37736
37740
37741
37747
3774
3775
3776
37793
37802
37804
3780
37816
37817
37825
3782
37831
3783
37842
3784
37850
37854
37863
3786
3787
37881
3788
37896
37897
37901
37903
37905
3790
3791
37937
3793
3794
3796
3797
37983
3798
379
3800
38010
3802
38030
38045
38046
3804
38054
38072
38081
38085
3809
38107
3811
3812
3813
38146
38154
38155
38170
38172
3817
38183
3818
38193
38199
3819
38201
38204
38206
38209
3820
38212
38218
3821
3822
3823
38242
38245
3824
38251
38256
38258
38261
3827
38288
38289
38291
38297
38311
38313
38316
3831
38327
38337
38343
3834
38351
3835
38364
38368
3836
38371
38379
3837
3838
38394
3839
383
3841
3842
38430
38440
3846
38477
38478
38484
3848
38494
38495
3849
384
38510
3851
38525
38529
3852
3853
38550
3856
38570
3857
3858
38590
3859
38608
3860
38631
38634
3863
38648
3864
38672
38673
38677
3868
38696
38699
38715
38716
38723
3873
38748
3874
38751
38755
3875
38763
38774
38776
3877
3878
38790
38794
38803
3880
38818
3882
38831
38837
38839
3884
38851
38853
3885
38862
38865
3887
3888
388
38903
3890
38919
3891
38922
38924
38925
3892
3893
38962
38967
38971
38977
3897
38981
3898
38999
3899
39007
3900
39021
39023
39028
39036
3903
39042
39048
39049
39060
39066
3906
39074
39080
39095
39099
3909
39116
39117
3911
3912
39151
39155
39159
3915
39162
39173
3918
3919
3920
39219
39236
39238
3923
39240
39241
39243
39245
3924
39256
3925
39262
3926
39281
39283
3928
39295
39298
3929
39303
39318
3931
39322
3932
39333
39336
39341
39342
39348
3934
39358
3936
39377
3937
39397
39399
3939
393
39401
39403
3940
39413
39415
3941
3942
39445
3945
39464
39471
39476
3949
39503
3950
39522
39524
3952
39535
39538
3953
3954
39564
3956
39576
3957
39586
39587
3958
3959
395
39608
3960
39610
3961
39620
39628
3962
39632
39635
39639
3963
3964
3965
39666
39673
39678
39686
3968
3969
396
39708
3970
39715
3972
39730
39739
3973
39744
3974
3975
3976
39773
39779
3977
3978
39795
3979
39808
39818
3981
39821
39822
39827
3982
3983
39847
3984
39854
39863
39865
3986
3987
3988
39891
3989
39902
3990
39919
39938
39942
3994
39951
39954
39957
39971
39984
39997
39999
40000
40006
40008
4001
40023
40031
40033
40034
40040
40041
40042
4004
40054
40063
40066
4006
40077
40084
4009
40106
40109
4010
4011
40135
4013
40140
4014
40151
40156
4017
4018
40193
40194
401
4020
40214
4021
40234
40238
4023
40242
4024
40256
40258
4025
40272
40276
4027
40284
40285
40289
40292
40294
40295
4029
40301
4030
40314
4031
40337
4033
40349
4035
40361
40376
4037
40381
40384
40390
40402
4040
40416
4042
40434
4043
4044
40464
40469
4046
40473
40482
40486
40487
40488
40489
4048
40493
40498
4049
4050
40527
4052
40548
40556
40564
40565
4057
4058
4059
405
40604
40605
40607
40619
4061
4062
40630
4063
40640
4064
4065
4066
4067
40682
40684
4068
40708
4071
40738
4074
40757
4075
40760
40761
40764
4076
40775
4077
40781
40784
4078
40798
4079
407
40800
4080
40810
40819
4081
40828
4082
40830
4084
40855
40856
4085
40862
4086
4087
4089
4090
4091
40920
40922
40929
4092
40936
40938
4093
4094
40953
4095
40968
4096
40974
40977
40978
4097
40983
41001
4100
4101
41039
4103
4104
4105
41064
4106
41076
41078
4107
41081
41089
4108
41097
4109
4110
4111
41120
41125
4112
4113
41144
4114
41151
41157
4115
41183
41184
4118
41201
4120
4121
4122
41239
4123
41240
41242
41246
4124
4125
4126
41275
41278
41282
41287
4128
41298
4129
41317
41321
4132
41334
4133
41341
41344
41347
4134
41362
4136
41375
4137
4138
41393
41395
4139
4140
41413
4143
4144
41450
41452
41473
4147
41489
4149
4150
41510
4151
4152
4153
41548
41556
41557
4155
4156
41584
4158
4159
41610
41615
41620
4162
41630
41631
41639
41643
41645
41648
4165
4166
41673
41675
41702
41705
4170
4171
41728
4172
4173
41752
41762
41770
4177
4178
41791
41796
4179
41815
4181
4182
41830
4183
41841
4184
41856
4187
4188
41892
41897
41898
4189
41906
41917
4191
4192
4194
41952
4196
4197
41982
4198
419
42001
42006
42007
4200
42013
42014
42019
4201
42023
42026
42032
42033
42037
42040
42042
42043
4204
4205
42065
4206
42070
42071
42073
42082
4208
42096
4209
42102
4210
4211
4212
42137
42140
4214
4215
42167
42174
4217
42189
4218
42195
4219
421
4220
42214
42218
4221
42220
42222
4222
4223
42249
4224
42259
4226
42270
42271
4227
4228
4229
42302
42305
4230
4231
4232
42348
42376
4238
4240
42415
4241
4242
42431
42437
42439
4244
4245
42461
42468
4246
4247
4248
42494
42496
4249
424
42500
42507
4250
4252
42538
4253
42545
42548
42555
42557
42558
4255
42561
42566
4256
4257
4258
4259
42602
42606
4261
42621
42625
42628
42638
4263
4264
42651
4266
42679
4267
42681
42688
4268
42696
4269
4270
4271
4272
42733
42739
4273
4274
42753
42755
4275
4276
42775
42776
42778
4277
42784
42794
4279
4280
42813
42816
4281
42821
42826
4282
42833
4284
42858
4285
42869
4286
42876
42878
4287
42880
42881
42882
42884
4288
42890
42905
4290
42915
42918
42929
4292
42936
42947
42948
4294
4295
42964
42969
42975
4298
42995
4299
429
43001
4300
4301
43025
43029
4302
43046
4304
43053
43058
43059
4305
43064
43067
43073
43077
43080
43081
43085
4308
4309
43107
4310
4311
4312
4314
43159
43169
4316
4317
4318
4319
43208
4320
4321
4322
43231
43237
43240
43248
43262
43263
43265
4326
43278
43280
43286
43289
4328
43292
43295
43296
4329
432
43302
43312
43315
4331
4332
4333
43346
43358
4335
4336
43379
4337
43381
43386
4339
43405
4340
43421
43427
43430
4343
43445
43448
4344
43462
4346
43474
4347
43485
43492
4349
43505
4350
4351
43525
4352
4353
43546
4354
43551
43558
4355
43569
43579
43583
43585
4358
43599
4359
43602
43603
43607
43609
4360
43612
4361
43620
4362
43633
43634
43636
4363
43642
4364
43652
43672
43682
43689
4369
4370
43713
43721
4372
43739
4373
43741
43748
4374
43760
43767
4376
43773
43774
4377
43781
43782
43793
4379
43800
43803
43808
43809
43811
4381
43824
43828
4382
4383
43844
4384
43852
43854
4385
43865
4386
43871
43874
43875
43879
43888
4388
43896
4389
43903
43909
43913
4391
43925
43927
43929
4392
43930
43933
4393
4395
43977
4397
43983
43988
4399
44004
44007
44014
4401
4402
44042
44055
44059
4405
44065
4407
44082
44083
44084
4408
44091
44092
44095
44097
44099
4409
44103
44110
4411
44128
4412
4413
4414
44156
44157
44166
4416
4417
44195
4419
44207
44213
44214
44220
44225
4422
44231
44232
44246
4424
4425
44262
44266
4426
44288
4428
44290
44295
4429
4430
44313
4431
44324
44334
4433
44344
4435
44361
44368
4436
4437
44383
44386
44399
4439
4441
44439
4443
4444
44461
44463
4446
4447
44481
4448
44495
4449
444
44500
44511
44515
4452
44537
44538
4453
44549
4454
44551
44554
4455
4457
44586
4458
44592
44599
445
4460
44612
4461
44627
4462
44637
44639
4463
4464
4465
44660
44661
44664
44669
4466
44670
4467
44680
44686
4468
44690
4469
44703
4470
44715
4471
44727
44728
44742
4474
44757
44766
4476
44771
4479
4480
44811
44813
44815
4482
44834
44838
4483
44842
44848
44850
44856
4485
44861
44868
4486
44872
44879
4487
44883
4488
44903
4490
44913
4491
4495
44961
4496
44979
44980
44989
44990
44996
4499
45001
4500
45011
45012
45025
4502
4503
45040
4504
45068
4506
45080
45082
45084
45108
4510
45113
45123
45125
4512
45138
4515
45164
45168
4516
45176
4517
45196
4520
4521
45224
45230
45232
4523
45241
4524
4525
45260
45262
45266
45269
45272
45279
4527
45285
4528
45291
4529
452
45302
45313
45317
45319
45320
45330
45339
4533
45340
45342
4534
45353
4535
4536
4537
4538
4539
4541
4542
4545
4546
4547
4548
4549
454
4550
4551
4552
4553
4555
4558
455
4561
4563
4565
4567
4568
4569
456
4572
4573
4575
4576
4577
4579
4580
4581
4582
4585
4586
4587
4588
4590
4591
4592
4593
4595
4600
4601
4602
4603
4604
4605
4606
4609
460
4612
4613
4614
4615
4616
4617
4619
461
4621
4622
4624
4625
4626
4627
4629
4630
4631
4632
4633
4634
4635
4639
463
4640
4641
4642
4643
4644
4645
4646
4647
4649
4650
4653
4654
4656
4659
465
4660
4661
4662
4665
4667
4669
466
4670
4671
4672
4673
4674
4679
467
4680
4681
4682
4683
4684
4686
4687
4688
468
4690
4691
4692
4693
4695
4697
4698
4699
4700
4701
4703
4706
4708
4709
4710
4711
4712
4713
4714
4716
4717
4718
4719
4720
4722
4723
4725
4726
4727
4730
4731
4732
4734
4735
4736
4737
4738
4740
4741
4743
4744
4746
4747
4748
4749
4750
4752
4753
4754
4755
4756
4757
475
4760
4763
4764
4765
4766
4768
4769
476
4770
4771
4772
4773
4774
4775
4776
4777
4778
4779
477
4780
4782
4783
4784
4787
4788
4789
4790
4791
4792
4795
4796
479
4800
4803
4804
4806
4807
4808
4810
4813
4814
4816
4817
4818
4820
4822
4824
4826
4827
4828
4829
4832
4833
4834
4835
4837
4838
4839
4840
4841
4842
4845
4846
4847
4848
4849
4851
4852
4853
4854
4855
4856
4857
4859
485
4861
4862
4863
4865
4866
4867
4869
4870
4871
4872
4873
4875
4876
4877
4878
4880
4882
4883
4886
4887
4889
4890
4892
4895
4896
4898
4900
4901
4904
4911
4912
4913
4915
4916
4918
4919
4920
4921
4923
4925
4926
4927
4928
4929
4930
4931
4932
4933
4935
4936
4937
4939
493
4940
4942
4943
4948
4949
4951
4952
4953
4954
4955
4956
4957
4961
4962
4963
4964
4965
4967
4968
4970
4973
4979
4981
4982
4984
4985
4986
4987
4988
4989
4990
4991
4995
4997
4998
4999
4
5000
5002
5003
5005
5006
5007
5008
5010
5011
5012
5015
5017
5018
5019
501
5020
5021
5022
5023
5025
5026
5029
5033
5035
5037
5038
5041
5042
5043
5044
5046
5047
5048
5049
504
5051
5052
5053
5054
5055
5057
5058
5059
5060
5061
5062
5064
5065
5066
5067
5068
5069
5070
5071
5073
5074
5075
5076
5077
5078
5079
507
5080
5081
5082
5083
5084
5086
5087
5088
5089
5090
5091
5092
5093
5094
5096
5098
5099
509
5101
5102
5104
5105
5106
5107
5108
5109
5111
5113
5114
5115
5116
5119
5120
5123
5126
