10003
10004
10005
10009
1000
10012
10013
10017
10020
10022
10023
10029
1002
10031
10032
10033
10034
10036
10037
10038
10039
10046
10047
10048
10049
10050
10053
10054
10055
10056
10057
10061
10062
10064
10065
10066
10067
10068
10069
10071
10074
1007
10080
10081
10083
10085
10087
10088
1008
10090
10092
10095
10096
10098
10099
100
10100
10101
10103
10104
10106
10110
10118
10119
10122
10123
10124
10125
10126
10127
10129
1012
10131
10132
10134
10135
10136
10137
10138
10139
10140
10143
10144
10146
10147
10148
10152
10154
10157
10159
1015
10160
10162
10163
10165
10167
10171
10173
10174
10175
10177
1017
10181
10182
10185
10188
10189
10190
10193
10194
10195
10196
10197
10198
10199
10200
10201
10202
10203
10204
10207
10209
1020
10212
10213
10215
10216
10217
1021
10220
10222
10224
10225
10227
10231
10232
10233
10235
10236
10238
10241
10242
10243
10244
10245
10250
10252
10253
10256
10259
10260
10262
10263
10266
10269
1026
10271
10273
10274
10276
10277
1027
10280
10281
10282
10286
10288
10289
10293
10295
10296
10299
1029
10300
10301
10302
10303
10304
10305
10306
10307
10308
1030
10311
10312
10313
10314
10318
10322
10323
10325
10326
10328
10330
10332
10334
10335
10336
10338
10339
10340
10341
10343
10344
10345
1034
10351
10352
10354
10355
10356
10357
10358
10359
10360
10361
10362
10365
10366
10367
10368
10370
10373
10374
10376
10377
10380
10382
10383
10385
10386
10388
10389
1038
10390
10391
10393
10394
10395
10396
1039
10400
10401
10403
10404
10405
10412
10414
10415
10417
10418
1041
10420
10422
10424
10426
10427
10429
10430
10431
10432
10434
10436
10438
10439
1043
10441
10442
10445
10446
10447
10450
10451
10453
10456
10457
10459
1045
10460
10461
10462
10467
1046
10470
10471
10474
10475
10478
10480
10481
10482
10483
10484
10487
10488
10489
1048
10496
10498
10499
1049
10500
10503
10504
10505
10507
10508
10511
10512
10513
10516
1051
10521
10522
10526
10527
10529
10530
10531
10532
10533
10534
10535
10537
10538
10544
10545
10547
10549
10555
10557
10558
1055
10561
10562
10563
10564
10566
10569
1056
10571
10572
10577
10579
10580
10583
10585
10587
10588
10589
10593
10594
10596
10597
10598
1059
105
10600
10602
10606
10607
10609
10610
10611
10612
10616
10617
10618
1061
10622
10624
10625
10628
10629
1062
10631
10632
10633
10634
10635
10636
10637
10638
10640
10642
10644
10645
10646
10648
1064
10650
10651
10653
10656
10657
10658
10659
10662
10664
10667
10670
10672
10673
10674
10676
10677
10678
10679
10680
10681
10682
10684
10687
10690
10691
10692
10693
10696
10698
10699
1069
10701
10702
10705
10706
10707
10713
10714
10715
10717
10718
10719
10720
10721
10723
10726
10727
10729
10731
10733
10737
10739
1073
10740
10743
10744
10745
10747
10750
10751
10752
10756
10758
10759
10761
10762
10765
10769
10770
10771
10774
10775
10779
1077
10780
10781
10782
10785
10786
10789
1078
10790
10796
10797
10799
1079
107
10802
10803
10804
10805
10807
10808
10812
10813
10814
10815
10818
10819
10822
10824
10826
10827
10828
10829
1082
10830
10831
10833
10834
10835
10837
1083
10842
10843
10844
10846
10848
1084
10850
10855
10857
1085
10861
10862
10863
10864
10866
10867
1086
10871
10872
10873
10874
1087
10881
10883
10884
10885
10886
10887
10889
10891
10892
10894
10896
10897
10899
10900
10902
10908
10909
1090
10910
10911
10912
10914
10916
10918
10919
1091
10920
10923
10924
10926
10928
1092
10931
10932
10933
10934
10935
10936
10938
10941
10942
10943
10947
10948
10949
10952
10953
10954
10957
1095
10960
10961
10962
10966
10967
10969
1096
10970
10971
10973
10976
10977
10978
1097
10980
10982
10984
10985
10986
10987
10988
10989
1098
10990
10993
10994
10996
10997
10998
10999
11001
11002
11005
11008
11009
11010
11011
11012
11014
11016
11018
11019
11020
11021
11022
11023
11025
11026
11027
1102
11032
11033
11034
11035
11036
11037
11038
1103
11042
11043
11046
11048
11050
11051
11052
11054
11057
11058
11061
11062
11063
11065
11067
11068
1106
11077
11079
1107
11080
11081
11082
11083
11084
11085
11088
11093
11094
11095
11096
11097
11098
11099
11104
11109
11111
11114
11115
11116
11117
11119
11121
11123
11124
11125
11126
11127
11131
11132
11134
11135
11136
11138
11139
11141
11147
11150
11153
11155
11158
11159
11161
11163
11164
11166
11168
11169
1116
11170
11174
11175
11176
11180
11182
11183
11184
11189
11190
11191
11194
11195
11196
11197
11198
11199
1119
11201
11202
11204
11205
11206
11207
11208
11210
11211
11212
11213
11214
11216
11217
11218
11223
11224
11226
11227
11228
11229
1122
11231
11233
11234
11237
11238
11239
1123
11240
11241
11243
11244
11246
11248
11249
11252
11258
1125
11260
11262
11263
11266
11270
11271
11273
11274
11275
11276
11277
11278
11279
11280
11284
11285
11286
11287
11288
11289
11290
11291
11292
11294
11295
11296
11297
11299
11301
11302
11303
11304
11305
11306
11308
11309
1130
11310
11311
11312
11313
11315
11317
11319
1131
11321
11322
11324
11325
11326
11327
11329
1132
11333
11334
11337
1133
11341
11342
11345
11346
11347
11348
1134
11350
11351
11354
11355
11356
11357
11358
1135
11360
11361
11363
11365
11366
11367
11368
11369
11372
11374
11378
11379
11384
11385
11386
11387
11390
11391
11392
11393
11394
11395
11396
11397
11398
11401
11403
11405
11406
11407
11408
1140
11410
11413
11416
11419
11421
11423
11425
11427
11428
11429
1142
11431
11433
11434
11435
11436
11439
1143
11443
11444
11445
11447
11448
11449
1144
11450
11451
11452
11453
11454
11455
11457
11459
1145
11460
11463
11464
11465
11467
11468
11470
11471
11472
11474
11475
11476
11477
11479
1147
11481
11484
11485
11486
11487
11489
1148
11491
11493
11494
11495
11496
11497
11498
11499
11501
11502
11504
11505
11508
11509
1150
11510
11511
11513
11518
11519
1151
11521
11522
11523
11524
11525
11528
11529
11531
11534
11535
11537
11538
11540
11541
11545
11546
11550
11551
11552
11555
11557
11558
11559
1155
11560
11561
11562
11563
11564
11566
11568
11572
11574
11576
11577
11578
11579
11580
11583
11584
11585
11586
11587
11590
11592
11594
11596
11597
11598
11599
1159
11600
11601
11602
11604
11606
11609
1160
11610
11611
11614
11615
11616
11617
11619
1161
11621
11622
11623
11625
11626
11627
11628
11629
11630
11631
11632
11633
11637
11638
11640
11642
11643
11645
11646
11648
11649
1164
11652
11653
11654
11655
11658
11659
11660
11661
11662
11664
11665
11666
11669
11670
11672
11673
11675
11676
11677
11679
1167
11680
11681
11682
11683
11686
11687
11688
1168
11691
11692
11693
11696
11698
11699
116
11700
11701
11702
11703
11704
11706
11708
11711
11713
11714
11716
11720
11721
11722
11723
11724
11725
11726
11727
11728
11731
11732
11733
11735
11739
1173
11741
11744
11746
11747
11748
11749
11750
11751
11756
11757
11758
11761
11762
11765
11766
11769
1176
11770
11771
11772
11777
11778
11779
1177
11781
11786
11787
11789
11790
11792
11793
11794
11795
11797
11798
11799
11801
11802
11803
11807
11809
1180
11811
11815
11816
11818
1181
11820
11822
11826
1182
11831
11832
11834
11835
11838
1183
11840
11842
11843
11844
11847
11849
11853
11855
11856
11859
11860
11861
11862
11865
11867
11868
1186
11871
11872
11873
11874
11875
11877
11878
11879
11880
11885
11886
11887
11888
11892
11894
11895
11898
11899
11902
11904
11905
11907
11909
1190
11910
11912
11913
11914
11916
11919
1191
11920
11921
11922
11923
11925
11927
11929
11930
11932
11933
11934
11936
11938
11939
1193
11942
11946
11947
11948
11949
11950
11951
11953
11954
11957
11958
11961
11963
11966
11968
11969
1196
11970
11971
11972
11974
11976
1197
11982
11983
11984
11987
11989
11991
11992
11993
11997
11998
1199
12000
12001
12002
12004
12006
12009
12016
12018
12019
12021
12022
12023
12024
12025
12028
12029
1202
12032
12033
12035
12036
12038
12039
1203
12040
12041
12042
12046
12047
12049
1204
12051
12054
12058
12059
1205
12060
12062
12065
12066
12067
12068
12069
12070
12072
12074
12075
12076
12077
12082
12085
12089
12090
12093
12095
12099
12101
12103
12109
12111
12112
12115
12116
12117
1211
12121
12126
12128
12129
1212
12130
12132
12134
12136
12137
12138
1213
12140
12142
12143
12145
12146
12147
12149
1214
12150
12153
12154
12158
12159
1215
12162
12165
12166
12169
12171
12172
12173
12174
12175
12177
12178
12179
1217
12180
12181
12183
12188
12189
1218
12190
12191
12192
12195
12196
12197
12198
121
12201
12202
12203
12204
12206
12207
12208
12214
12219
12220
12221
12223
12224
12225
12230
12232
12233
12234
12235
12236
12239
12240
12248
12249
1224
12251
12253
12255
12262
12265
12267
12268
12269
12271
12272
12273
12274
12275
12276
12277
12278
1227
12280
12283
12287
12289
1228
12292
12293
12294
12295
12296
12297
12298
12299
1229
12300
12303
12305
12306
12308
12309
1230
12310
12311
12312
12313
12314
12315
12316
12317
12319
12320
12322
12324
12326
12328
12329
12330
12332
12333
12334
12335
1233
12341
12344
12345
12346
12347
1234
12351
12352
12353
12354
12356
12358
1235
12361
12362
12365
12366
12368
12369
1236
12371
12372
12374
12375
12380
12382
12384
12385
12387
12388
12389
1238
12390
12392
12393
12395
12402
12403
12407
12410
12415
12416
12417
12422
12424
12425
12426
12427
12428
12429
12430
12431
12432
12434
12436
12437
12438
12439
1243
12441
12442
12443
12446
12447
1244
12450
12453
12457
12458
12459
1245
12460
12461
12465
12466
12468
12470
12474
12476
12477
12478
12479
1247
12482
12483
12484
12485
12486
12488
12489
12491
12492
12494
12496
12498
12499
12500
12501
12502
12503
12504
12507
12509
1250
12510
12511
12514
12515
12517
12519
12520
12521
12524
12525
12526
12527
12528
1252
12530
12531
12536
12537
12538
1253
12543
12544
12547
12549
12553
12554
12555
12556
12559
12561
12562
12563
12564
12567
12568
12569
1256
12570
12571
12572
12576
12579
1257
12581
12584
12586
12587
12588
12590
12594
12596
12597
12598
12599
12600
12603
12608
12609
1260
12612
12615
12616
12617
12624
12625
12626
12627
1262
12631
12633
12637
12639
1263
12640
12641
12644
12645
12646
12647
12648
12649
1264
12650
12651
12652
12653
12654
12656
12659
1265
12662
12664
12665
12668
12669
1266
12672
12673
12675
12676
12678
1267
12680
12681
12683
12686
12688
12689
1268
12690
12691
12694
12695
12696
12699
126
12700
12702
12705
12706
12708
12716
12717
12718
12721
12723
12724
12725
12726
12727
12731
12734
12736
12737
12738
12739
1273
12740
12741
12742
12743
12744
12745
12747
12749
12750
12751
12752
12756
12757
12758
12760
12764
12767
12768
1276
12770
12772
12773
12774
12775
12776
12778
12781
12785
12786
12787
12788
12792
12794
12796
1279
127
12801
12802
12803
12807
1280
12811
12814
12815
12816
12817
1281
12820
12823
12825
12827
12828
1282
12830
12831
12832
12836
12837
12838
12839
12840
12841
12842
12843
12844
12846
12847
12848
12849
12850
12851
12852
12853
12854
12856
12857
12859
1285
12860
12861
12863
12864
12865
12868
12869
12870
12871
12872
12873
12876
12877
12878
12880
12881
12882
12884
12885
12887
12889
12890
12891
12898
1289
12900
12902
12903
12904
12906
12907
12909
1290
12910
12911
12913
12915
12919
1291
12920
12921
12925
12926
12927
12928
12929
1292
12930
12931
12932
12934
12936
12937
12938
1293
12941
12944
12945
12946
12949
1294
12950
12951
12953
12954
12955
12956
12958
1295
12961
12962
12963
12964
12968
12969
1296
12970
12972
12973
12974
12975
12976
12977
12980
12981
12983
12985
12986
12987
12991
12998
13000
13002
13003
13004
13005
13006
13008
1300
13010
13013
13015
13016
13018
13019
13022
13023
13026
13027
13028
1302
13030
13031
13033
13034
13035
13036
13038
13039
1303
13041
13044
13047
13049
13050
13051
13052
13053
13054
13056
13057
13058
13059
13061
13064
13067
13069
13070
13071
13072
13073
13074
13077
1307
13080
13081
13082
13083
13086
13088
13089
13090
13091
13092
13093
13094
13095
13096
13097
1309
13100
13101
13102
13104
13105
13106
1310
13111
13113
13114
13115
13118
13119
1311
13120
13121
13123
13126
13127
13128
1312
13130
13131
13136
13138
13139
13140
13142
13143
13145
13149
13151
13152
13153
13154
13156
13157
13158
13161
13163
13164
13166
13169
1316
13170
13171
13172
13173
13175
13176
13177
13179
13180
13181
13182
13184
13185
13186
13187
13188
13189
1318
13190
13192
13193
13195
13197
13198
13199
1319
13201
13202
13204
13206
13207
1320
13211
13212
13213
13217
13219
1321
13221
13222
13224
13225
13228
13231
13232
13233
13234
13235
13237
13240
13241
13244
1324
13250
13252
13255
13256
13258
13259
1325
13261
13262
13263
13264
13267
13270
13272
13273
13274
13275
13278
13279
13282
13283
13284
13285
1328
13290
13292
13293
13294
13295
13298
13299
1329
13300
13301
13305
13309
1330
13310
13311
13313
13314
13315
13316
13319
1331
13322
13324
13325
13327
13331
13332
13333
13335
13336
13338
13340
13341
13342
13343
13344
13349
1334
13350
13351
13354
13357
13358
13359
13360
13361
13362
13363
13366
13367
13369
1336
13370
13373
13376
13377
13381
13384
13386
13387
13389
1338
13390
13391
13392
13394
13396
13398
13402
13403
13404
13405
13408
13409
13410
13411
13413
13416
13417
13418
13419
13420
13423
13425
13426
13427
13429
13430
13431
13432
13434
13435
13436
13438
13439
13441
13442
13445
13446
13448
13449
1344
13450
13451
13452
13454
13456
13458
13459
13461
13463
13464
13466
13467
13468
13469
13470
13471
13474
13475
13476
13477
13478
13480
13481
13485
1348
1349
13502
13512
13524
13527
13528
13545
13552
13553
13555
1355
1356
13571
13589
1358
1359
13601
1362
1363
13643
1364
13673
1368
13698
13700
13708
13717
13719
13726
1372
1373
13740
13744
1374
13751
1375
13766
13767
13768
1376
13774
13775
13778
1377
13783
13787
13810
1382
13840
1384
1385
13887
13888
13890
13898
1389
13903
1390
13921
13939
1393
13955
13959
1395
13962
13966
13969
1396
13970
13971
13986
14008
14014
14015
14029
14038
14040
14048
14057
14058
14059
1405
14061
14069
1406
1407
14082
14083
1408
14092
14093
14099
1409
14115
1411
14128
1412
14132
1413
14149
14176
14177
14181
1418
14191
14217
14231
14234
1423
1424
1425
14261
14266
14268
1426
14271
14276
1427
14296
14298
142
1430
14319
1431
14325
1432
14349
14350
14353
1435
14365
1436
14376
1437
14390
14396
1439
14401
14428
14435
14444
1444
14459
14460
14471
14473
14474
14476
14478
1447
14481
14484
1448
14493
14497
14498
1449
144
14515
1451
14534
14535
14555
14570
1457
14585
1458
14590
14613
1461
14620
14634
14642
14643
14654
14656
14663
14664
1466
14671
14682
14689
14690
1469
14708
1470
14714
14716
14719
1471
14732
14736
1473
1474
14755
14759
14765
14773
14779
14783
1478
14791
14795
14796
14803
14811
1481
14824
14825
14834
14838
14846
14851
1485
1486
14875
14877
14895
14902
14906
14908
14915
1491
14920
14922
14923
1492
14931
1493
14942
1494
1495
1496
14974
14977
14978
14984
14987
14994
14996
14998
1499
1500
15015
1501
1503
15048
15057
15059
1505
15065
15070
1507
1509
150
15105
15108
1511
15120
1512
15131
15133
15138
1513
1514
15152
1515
15167
15177
15190
15197
15198
1519
15209
1520
15218
1521
15225
15226
1522
15231
1523
15240
15244
1524
15251
15252
1525
15265
15268
15269
1526
15274
15275
1527
15280
15289
1528
1529
15310
15313
15318
15321
15323
1532
1533
15340
1534
1535
15360
15369
15371
15375
15377
15379
1537
15398
1539
153
15400
1540
15411
1541
15427
15434
1543
15451
1545
15464
1546
15485
15493
15502
15506
15514
1552
15531
15532
15547
15549
1554
15556
15558
15560
15569
1557
1558
15592
15594
1559
15602
15604
15605
15615
1561
15623
15625
1563
1564
15651
15652
15660
15672
15679
1567
1570
15713
15717
15728
15734
1573
15741
15746
1574
15789
1578
15790
1579
15806
15809
15810
15811
15829
15831
15835
1583
15840
15841
1584
15868
15874
1587
15880
15887
1588
15892
15893
15895
15902
1590
15911
15914
15917
1591
15920
15924
15925
15928
1592
1593
1594
1595
15961
15966
15968
15974
1597
15993
15999
159
16004
16011
16037
16039
1603
16052
16080
16087
1608
16090
16099
1609
16112
1611
16126
16131
16132
1614
16160
16165
16173
1617
1619
161
16207
1620
16216
16222
1622
16237
16240
16255
16257
16267
16269
1626
16280
16284
16286
1628
16298
1629
162
16300
16301
16302
16306
16307
16315
1631
1632
1633
1634
16350
16351
1635
16362
1636
1637
16383
16386
16389
1638
16390
1639
16402
16406
1640
16411
16415
16418
16427
1642
16433
1643
1645
1647
16482
16489
16500
16507
16508
1650
16511
1651
1653
16542
16550
16553
16559
16565
16566
16571
16574
16579
16584
1658
16593
1659
165
1660
16616
1661
16621
16632
16655
16656
1665
1666
16673
16683
1668
16695
16696
16701
1670
16712
16731
16733
16736
1673
16752
1675
16768
16775
1677
1678
16792
16795
16798
16799
167
16800
16808
1680
1681
16823
16828
16829
1682
16831
1683
1684
16853
1686
16877
16878
1687
16880
16881
16891
16896
16899
1689
168
16918
16925
16939
1693
16947
1694
16959
1695
16962
16967
16973
16982
16985
1698
16990
16994
17000
17005
1700
17012
17018
1701
17020
17022
17028
1702
1703
17050
17052
17059
1705
1706
17076
1707
1708
17094
17098
1709
17105
17117
1711
1712
17134
1713
17143
17148
17149
17155
17160
17169
17171
17173
1717
17185
17186
17191
17192
17196
1719
17200
17205
17211
17228
1722
17240
17249
1724
17250
17269
1726
17273
17276
1727
17286
17289
17297
17300
17306
1730
17312
17313
1731
17322
17327
1732
1733
17341
17352
1736
17376
17389
17391
17396
1739
17409
1740
17414
17418
17435
17438
1743
17446
17452
17459
1745
1746
17472
17477
17478
17488
17491
17493
174
17503
17507
1750
17516
17520
17522
17523
17548
1754
17557
1755
17565
17575
17581
17591
17605
17608
17610
1761
17626
1762
1763
17645
17657
17658
1765
1766
17671
1768
17697
17698
17706
1770
17710
17713
17714
1771
17720
17735
1773
17741
17746
17753
17754
17757
1775
17760
17765
17766
1777
17789
17797
1779
17801
1780
17814
17815
1781
17824
1782
17838
17839
1783
17843
1785
17865
1786
1787
17894
17898
1789
17903
17910
17915
1791
17927
17937
1793
17946
1794
17957
1795
17962
1796
17976
1799
18014
18015
18024
18026
18035
18038
1803
18040
18049
1804
18060
18064
18066
1806
18071
18072
18082
18088
18099
1809
180
18106
18108
18109
1810
1811
18129
1812
18137
1813
18146
18151
18157
1815
18164
18167
1816
18170
18176
1818
18194
18199
1820
1821
18222
18227
1822
18232
1823
1824
1825
18260
1826
18278
18287
18290
1829
18302
18307
1830
18311
1831
18336
18344
1834
18350
18353
18356
18361
18363
18383
18386
18389
1838
18394
1839
1840
18417
1841
18421
18427
1843
18442
18444
1844
18465
1846
18471
18472
1847
18486
1848
18490
1849
184
18506
18516
18520
18524
18526
18531
1853
18541
1854
18551
18558
18577
1858
18614
1861
18627
1862
18635
1863
18640
18642
18653
18657
1865
18667
1866
18679
1867
18684
18687
1868
18690
18694
1869
186
1871
18727
1872
18756
18758
18761
18769
1876
18773
1877
18787
1878
18796
1879
187
18802
18804
18806
18815
1881
18820
18825
18826
18829
1882
18832
18835
18837
1883
18842
18850
18851
18854
18856
1885
18870
1888
188
18902
1890
18913
1891
18921
1892
18936
18939
1893
18942
1894
18954
18956
1895
18964
18967
1897
1898
18990
1900
19016
1902
19030
19034
19038
19039
19044
19058
19059
1905
19062
19065
1906
19073
1907
19089
1908
19098
190
19101
1910
19121
1912
19137
1913
1914
19154
1915
19165
1917
19180
19198
1920
19213
19228
1922
19234
1923
19240
1924
19251
19256
1925
19266
1926
19277
19279
1927
1929
192
1930
1931
19322
1932
1933
19348
1935
19360
1937
1939
193
19406
19410
19411
19414
19420
1942
19455
19461
19463
19467
1946
19473
1947
19488
1948
19492
19503
19509
1950
19525
1952
19530
19532
19535
1953
19540
19545
19546
19553
19559
1955
19567
19568
1957
19587
1958
1959
195
1960
19615
1961
19623
1962
19639
1963
19648
19649
1964
19658
1965
1966
19680
1968
19694
19697
1970
19712
1972
19735
19740
19741
19746
19756
19757
1975
19765
1976
1977
1978
1979
197
1980
1981
1983
19847
1984
19851
19852
19857
1985
19872
19883
19887
19895
19907
19908
1990
19915
1991
1992
19932
1993
19941
19959
1995
19964
19976
1997
19999
1999
20000
20005
2000
20013
20037
2003
20044
20045
20051
20058
2005
20061
20063
2006
20072
20075
2007
20080
2008
20093
2009
20103
20108
2010
2011
20121
20129
2012
20130
20140
20141
20143
20149
20161
20167
2016
2017
20180
20186
20189
2018
20195
2019
20204
2021
20224
20233
20238
20240
20245
2024
20252
20255
2025
2026
20284
20287
20288
20290
20292
2029
20307
2030
20331
20332
20333
20335
2033
20340
2036
20371
20374
20375
20376
2037
20384
20388
20399
20401
20404
20410
20419
2041
20426
2042
20435
2043
20446
2044
20453
20460
2047
20489
2049
20515
20518
2051
20526
20528
20532
20536
20542
20544
20556
20565
2056
2057
20584
20590
20596
2059
205
20605
20609
2060
20618
2061
2062
20634
2063
20640
20659
2065
20666
20667
2068
20692
206
20703
20709
2070
20719
2071
20724
20729
20730
2073
2074
20750
20758
2076
2077
20785
2079
20801
20806
2080
20811
20813
2082
20833
20836
2083
2084
20857
2085
2086
20877
2087
20888
2088
20892
20896
20919
20927
2092
2093
2095
2096
20973
20975
20982
20995
20997
20998
2099
2100
21010
21012
2101
21028
2102
21031
21036
21044
21053
2105
21065
21069
2106
21083
2108
2109
210
2110
21115
2111
21121
21124
2112
21146
21148
2116
2117
21184
21186
21189
2118
21191
21202
21204
2120
21213
21214
2122
21231
21239
2123
21241
21250
2126
21275
2128
21291
21296
2129
2130
21316
2131
21332
2133
2134
21355
21362
21365
21369
21379
2139
21406
21413
2141
21421
21422
21423
21426
21440
21442
21450
21458
2145
21461
21464
21469
2146
21472
21474
2147
21487
21489
21491
2149
214
21504
2150
21511
21514
2152
2153
21541
21551
21563
2156
21579
21582
21593
21599
2159
21602
21604
2160
21614
21615
21618
21621
21625
2162
2163
21643
2164
21656
21662
2166
21678
2167
2168
21698
21706
21707
2170
2171
2172
21745
2174
21750
21754
21768
2176
21787
2178
21798
2179
21809
21812
21823
2182
21839
21843
2185
21863
21869
2186
2188
21897
2189
218
21900
21902
21903
2190
21919
2191
21939
2193
21944
2194
21955
21957
21958
2195
2196
21973
2197
21983
2198
21992
2199
219
2200
22021
22026
2202
22034
22036
22044
22046
2204
22053
22059
2205
22063
22076
2207
22088
22094
22095
22096
22097
2209
22109
2210
22117
2211
22121
22124
2212
22130
22133
22139
22149
2214
22157
2215
22168
2217
22182
22186
22187
2218
22197
2219
22203
22205
2220
22211
22212
22216
2221
22223
22226
2222
2223
22247
2224
22251
2225
22267
2226
22270
22274
2228
22291
22297
22298
22299
222
22301
2230
22319
22320
2232
22336
22344
22353
22356
2235
22361
2237
22388
22394
22395
223
22408
2240
2242
22439
22440
22446
2244
22458
2245
22463
2246
22473
2250
2251
2252
2253
2254
22562
2256
2257
22586
2258
22599
22603
22609
22612
22613
22615
2261
22623
22625
22635
22639
22641
2264
22650
22653
22654
22658
2266
22678
2267
22685
22694
2269
22705
22706
2270
2271
22724
2272
22737
22738
22759
2275
22767
2276
2277
22781
2278
22794
22796
22802
22810
2281
2282
22832
22839
2283
2284
22854
22855
2285
228
22911
22916
2291
22929
22931
2293
22942
2294
22958
22959
2295
22963
22968
2297
22983
22988
2298
2299
23004
23014
2301
2302
23030
23031
2304
23057
2305
23069
2306
23071
23084
2308
2309
230
2310
23115
2312
2313
23149
23154
2315
23161
23163
23169
2316
23171
23181
23188
2318
2319
23203
2321
2322
23237
2323
2324
2325
23263
2330
23321
23332
23336
2333
23342
23346
23347
23350
23359
2335
23363
23372
2337
23387
23388
2338
23398
2339
233
23405
23409
2340
23431
23435
23446
2345
2346
2347
23480
23483
2348
2350
23512
23513
23514
23515
23518
23520
23526
2352
23541
23542
23544
23549
2354
23551
2355
2356
23573
2357
2358
23595
23599
2359
2360
23628
2362
23636
2363
23644
23658
2365
23668
2366
2367
2368
23697
23699
2369
236
23700
2370
2371
2372
23734
2373
23752
2375
23760
23764
2376
2377
23786
23789
2378
23797
23809
2380
23817
23819
23820
23827
23839
23841
23846
2384
23850
2385
23862
2386
2387
2388
23890
2390
23910
2391
23927
23933
23943
23948
2394
23955
2395
23976
23978
2398
23999
2399
23
24004
2401
24020
24024
24027
2402
24034
24047
2405
24064
24069
2406
24070
2407
24082
24088
2408
24091
240
24101
2410
