5127
5128
512
5130
5131
5134
5135
5136
5137
5138
513
5141
5142
5143
5146
5148
514
5150
5152
5153
5154
5155
5158
5159
5160
5162
5164
5165
5167
5169
5170
5172
5173
5174
5176
5178
5179
5180
5181
5182
5183
5184
5185
5188
518
5190
5191
5192
5194
5195
5196
5198
519
5200
5202
5203
5204
5207
5208
5209
520
5210
5211
5212
5213
5214
5215
5216
5217
5218
5219
5220
5222
5223
5225
5227
5229
5230
5231
5232
5233
5234
5237
5240
5241
5242
5243
5244
5245
5248
5250
5251
5252
5253
5254
5256
5257
5258
5259
5260
5261
5264
5265
5267
5268
5269
5270
5272
5273
5274
5275
5277
5278
5279
5280
5283
5284
5285
5287
5289
5290
5291
5292
5293
5294
5296
5297
5298
5300
5301
5302
5303
5304
5305
5307
5309
5310
5312
5313
5314
5318
5319
5321
5322
5324
5325
5326
5329
5330
5331
5336
5337
5339
533
5340
5341
5342
5343
5344
5345
5347
5348
534
5350
5351
5352
5355
5357
535
5361
5362
5363
5364
5365
5366
5367
5370
5372
5373
5374
5375
5378
537
5380
5382
5384
5387
5388
5389
538
5390
5392
5393
5394
5395
5396
5399
539
5401
5404
5405
5406
5407
5410
5411
5413
5414
5416
541
5420
5422
5424
5425
5427
5428
5429
5430
5431
5433
5434
5435
5437
5438
5439
5440
5444
5445
5446
5447
5451
5452
5453
5454
5457
5458
5459
5460
5461
5462
5467
5469
5471
5472
5473
5475
5477
5479
5480
5481
5483
5485
5488
5489
5490
5492
5493
5495
5497
5498
5499
549
5500
5501
5503
5504
5505
5513
5514
5516
5519
5521
5523
5524
5527
5528
5529
5531
5533
5535
5536
5537
553
5540
5542
5544
5545
5546
5547
5549
554
5552
5553
5554
5555
5556
5557
5559
555
5560
5561
5562
5564
5566
5568
556
5570
5571
5572
5573
5574
5575
5577
5578
5579
5580
5582
5583
5584
5585
5586
5588
5590
5591
5596
5597
5598
5599
559
5600
5601
5602
5605
5606
5607
5608
5609
5611
5612
5614
5616
5617
5619
561
5622
5623
5625
5626
5629
5630
5631
5632
5634
5635
5636
5637
5638
5639
5640
5641
5642
5644
5646
5647
5648
5649
5650
5652
5653
5654
5655
5657
5660
5661
5662
5668
5670
5671
5673
5674
5677
5678
5679
567
5682
5684
5688
568
5690
5691
5692
5693
5695
5696
5697
5699
56
5700
5701
5704
5706
5707
5708
5710
5712
5713
5715
5718
5719
571
5721
5722
5723
5725
5728
5729
5730
5731
5733
5734
5736
5738
5741
5742
5746
5747
5748
5753
5755
5756
5757
5758
5759
575
5760
5761
5764
5766
5768
5769
5770
5772
5774
5775
5776
5778
5779
5780
5781
5784
5786
5787
5792
5793
5794
5795
5796
5797
5801
5802
5803
5804
5805
5808
5809
580
5810
5811
5813
5817
5818
5819
581
5821
5822
5823
5825
5827
5829
5830
5831
5832
5833
5834
5835
5836
5838
5839
583
5841
5843
5847
5848
584
5850
5851
5854
5855
5858
5859
585
5860
5861
5863
5864
5865
5866
5868
5869
5870
5871
5872
5873
5874
5876
5877
5878
5880
5882
5883
5885
5886
5887
5888
5889
588
5890
5891
5892
5893
5894
5895
5896
5897
5898
5899
5900
5901
5903
5905
5906
5907
5909
590
5910
5911
5912
5913
5914
5916
591
5920
5921
5922
5923
5924
5925
5926
5927
5928
592
5930
5931
5933
5934
5935
5936
5937
5938
5939
5941
5942
5943
5945
5946
5947
5949
5951
5952
5953
5954
5955
5958
5960
5964
5965
5966
5967
5968
5969
5970
5971
5972
5974
5975
597
5980
5982
5983
5984
5985
5986
5987
5988
5989
5990
5991
5992
5993
5994
5995
5997
599
59
6000
6001
6002
6003
6005
6006
6007
6009
600
6010
6011
6012
6017
6020
6021
6022
6024
6025
6026
6027
6028
6029
6033
6034
6035
6036
6037
6038
6040
6043
6045
6046
6048
6049
6051
6052
6054
6055
6057
6058
6059
605
6060
6061
6062
6063
6064
6066
6067
6068
6069
6070
6071
6077
6078
6079
6080
6082
6083
6085
6086
6087
6088
6089
608
6090
6091
6092
6094
6096
6098
6099
609
6100
6101
6103
6105
6107
6109
6110
6111
6113
6115
6116
6117
6119
611
6120
6123
6125
6126
6127
6129
612
6130
6132
6134
6135
6136
6137
6138
6139
6140
6142
6143
6145
6146
6150
6152
6153
6154
6155
6156
6157
6159
615
6160
6161
6163
6164
6166
6168
616
6171
6174
6175
6176
6177
6180
6182
6184
6186
6187
6188
6190
6192
6195
6196
6197
619
6200
6201
6202
6204
6206
6207
6208
620
6210
6211
6212
6219
6224
6225
6226
6231
6232
6233
6234
6235
6236
6237
6239
6244
6248
6249
6250
6251
6253
6254
6255
6257
6258
6259
625
6260
6261
6262
6264
6265
6266
6267
6268
6269
626
6270
6273
6274
6276
6278
6279
627
6280
6281
6282
6283
6285
6286
6287
6288
6289
628
6291
6292
6295
6296
6298
6300
6301
6302
6303
6304
6305
6306
6308
6309
630
6310
6312
6313
6314
6316
6317
6319
631
6320
6321
6323
6324
6328
632
6330
6331
6332
6334
6339
6341
6342
6344
6345
6347
6348
6349
6350
6351
6353
6354
6355
6357
6359
635
6361
6362
6364
6366
6367
6368
6369
6370
6372
6373
6375
6376
6377
6379
637
6380
6382
6384
6385
6386
6387
6388
6389
6391
6392
6393
6394
6395
6398
6399
639
6400
6401
6402
6404
6406
6408
6409
6410
6411
6412
6413
6416
6417
6419
6420
6421
6422
6423
6424
6425
6426
6427
6429
642
6430
6432
6433
6434
6435
6437
6439
6440
6441
6442
6446
6447
6448
6449
6450
6451
6452
6455
6456
6457
6459
6460
6461
6462
6464
6465
6466
6468
646
6471
6472
6473
6474
6475
6476
6477
6478
6479
6480
6481
6483
6484
6485
6486
6487
6489
6490
6493
6497
6498
64
6502
6503
6506
6507
6509
6510
6512
6515
6516
6517
6518
651
6521
6522
6523
6524
6525
6528
6529
6531
6533
6534
6535
6536
6538
6539
653
6542
6545
6546
6549
6550
6551
6552
6553
6554
6555
6556
6557
6558
6559
6561
6564
6565
6566
6568
6570
6571
6572
6573
6576
6577
6578
6579
6581
6583
6584
6585
6586
6587
6588
6589
6591
6593
6595
6596
6598
6599
6600
6601
6602
6603
6604
6605
6606
6607
6608
6609
660
6611
6612
6614
6616
6617
6618
6619
6620
6621
6623
6624
6625
6626
6627
6629
662
6632
6633
6635
6636
6637
6638
6639
6641
6642
6643
6644
6645
6647
6648
664
6650
6651
6652
6653
6654
6655
6657
6658
6661
6662
6664
6665
6667
666
6675
6676
667
6680
6681
6682
6686
6689
668
6691
6692
6695
6699
669
6701
6702
6703
6704
6705
6707
6708
670
6710
6711
6712
6713
6714
6715
6716
6718
671
6720
6721
6724
6726
6727
6728
6729
672
6731
6732
6734
6736
6737
6739
6740
6741
6742
6743
6744
6745
6748
6749
6750
6753
6754
6755
6756
6757
6758
6759
6761
6762
6765
6766
6767
6768
6769
6770
6775
6777
6780
6781
6782
6784
6785
6786
6788
6789
6791
6792
6793
6794
6797
6798
6799
6802
6803
6804
6805
6806
6807
6810
6811
6812
6813
6814
6815
6816
6818
6819
6820
6822
6823
6825
6827
6828
682
6830
6832
6835
6836
6837
6839
6840
6841
6843
6845
6847
6848
6849
6853
6855
6857
6858
6859
6860
6861
6862
6864
6865
6866
6868
6869
686
6870
6871
6872
6873
6877
6878
6879
6881
6883
6884
6885
6886
6888
6889
688
6890
6891
6893
6894
6896
6897
6899
6900
6901
6902
6904
6905
6907
6908
6911
6913
6914
6915
6916
6917
6918
691
6923
6926
6927
692
6930
6935
6936
6937
6938
6940
6941
6942
6943
6945
6947
6949
6950
6951
6952
6953
6954
6957
6959
6960
6962
6963
6965
6967
6968
6969
6971
6972
6973
6975
6977
6979
697
6980
6982
6984
6985
6986
6988
698
6990
6991
6993
6996
6999
699
7002
7004
7006
7008
7012
7013
7015
7016
7017
7018
7019
7021
7023
7026
7027
7028
7029
7031
7033
7034
7036
7037
7043
7044
7045
7046
7047
7049
7050
7051
7055
7056
7057
705
7065
7066
7067
7068
7071
7072
7074
7077
7078
7079
707
7081
7082
7085
7086
7091
7093
7094
7096
7097
709
7100
7102
7103
7104
7106
7107
710
7111
7112
7113
7114
7121
7122
7124
7125
7127
7128
7129
7130
7132
7135
7139
713
7144
7145
7146
7147
7148
7149
714
7151
7152
7154
7155
7156
715
7164
7165
7166
7167
7168
7169
7170
7171
7172
7174
7175
7176
7177
7178
7179
7180
7182
7183
7184
7185
7186
7187
7188
7189
7191
7192
7193
7194
7195
7196
7201
7202
7205
7207
7208
720
7210
7211
7212
7213
7214
7215
7217
7218
721
7220
7221
7222
7223
7225
7226
7227
7228
722
7230
7231
7234
7236
7237
7238
7239
723
7241
7242
7243
7244
7245
7246
7247
7250
7251
7252
7253
7256
7257
7258
7261
7262
7263
7264
7266
7267
726
7270
7272
7273
7275
7276
7277
7278
727
7280
7281
7283
7284
7285
7287
7288
7289
728
7290
7291
7292
7294
7295
7297
729
7300
7302
7303
7306
7308
7309
7310
7312
7313
7314
7316
7317
7318
7319
731
7320
7321
7325
7328
7329
7330
7331
7332
7333
7334
7336
7337
7338
7339
7340
7342
7345
7346
7347
7348
7349
7350
7351
7353
7354
7355
7357
7358
7359
7360
7365
7367
7368
7369
736
7370
7373
7374
7375
7376
7377
7378
7379
7380
7381
7382
7384
7385
7388
7389
7393
7394
7395
7396
7399
7402
7403
7404
7405
7410
7413
7414
7415
7417
7418
7419
741
7420
7421
7422
7424
7425
7428
7429
742
7430
7431
7433
7434
7437
7439
743
7442
7443
7447
7448
744
7450
7451
7452
7454
7455
7457
7458
7459
745
7461
7462
7463
7464
7465
7467
7468
7469
746
7470
7472
7476
7477
7478
7479
7481
7484
7485
7486
7487
7490
7491
7492
7493
7495
7497
7498
7499
749
74
7500
7501
7502
7507
750
7510
7511
7513
7519
751
7521
7522
7525
7526
7527
752
7530
7531
7532
7534
7535
7538
7539
753
7540
7543
7544
7546
7547
7550
7551
7554
7555
7556
7557
7558
7559
7560
7561
7564
7566
7567
7568
7569
7571
7572
7573
7577
7578
7579
757
7580
7581
7583
7584
7585
7586
7589
7590
7594
7595
7596
7597
7598
759
7602
7603
7604
7605
7606
7607
7608
7609
7610
7611
7613
7614
7615
7619
7624
7625
7626
7627
7628
7629
7630
7632
7634
7635
7636
7637
7638
763
7640
7642
7643
7644
7645
7646
7647
7648
7649
764
7650
7658
7659
765
7660
7664
7665
7669
766
7672
7673
7674
7675
7677
7679
7680
7682
7686
7690
7691
7692
7694
7695
7698
7699
769
7700
7701
7702
7703
7706
7707
7709
7710
7712
7713
7714
7715
7717
771
7720
7721
7722
7723
7725
7727
7728
772
7730
7731
7732
7733
7734
7735
7736
7737
7739
7740
7741
7745
7747
7748
7749
774
7750
7752
7753
7756
7757
7758
7759
7761
7763
7764
7765
7766
776
7770
7771
7774
7775
7776
7778
7781
7782
7783
7784
7785
7787
778
7790
7791
7792
7794
7795
7796
7797
7798
7799
7802
7804
7805
7807
7808
780
7811
7813
7814
7815
7816
7817
7819
7820
7821
7822
7823
7824
7825
7827
7828
7829
7830
7832
7834
7835
7836
7837
7838
783
7840
7841
7843
7844
7845
7848
7849
784
7850
7851
7853
7854
7856
7859
785
7861
7864
7865
7866
7868
7869
7872
7876
7877
7878
7880
7882
7883
7884
7885
7886
7887
7892
7894
7895
7896
7898
7899
7901
7903
7906
7907
7909
7910
7911
7912
7913
7916
7917
7918
7919
7922
7925
7927
7929
7930
7931
7934
7936
7937
7938
793
7940
7942
7943
7945
7946
7948
7949
7951
7952
7953
7954
7956
7957
7958
7959
7961
7964
7965
7967
7970
7971
7973
7974
7975
7979
7980
7981
7982
7983
7984
7986
7989
798
7991
7992
7994
7995
7996
7997
7999
8000
8001
8002
8003
8004
8005
8006
8008
8009
800
8011
8012
8013
8015
801
8020
8021
8024
8026
8027
8028
8029
8030
8031
8032
8034
8036
8037
803
8040
8041
8042
8043
8044
8047
8048
8049
8050
8052
8055
8056
8058
8059
8060
8061
8062
8063
8064
8066
8068
8069
8070
8071
8072
8073
8075
8076
8077
8078
8080
8081
8084
8086
8087
8088
8089
8090
8091
8093
8094
8095
8096
8098
8099
8100
8104
8106
8107
8108
8109
8111
8112
8114
8115
8116
8118
8119
8122
8125
8127
8128
812
8130
8132
8136
8138
813
8140
8142
8143
8144
8147
8148
8150
8152
8157
8158
8159
8160
8161
8165
8166
8168
8169
8173
8174
8176
8177
8178
817
8180
8181
8182
8184
8185
8186
8187
8188
8189
818
8190
8191
8197
8198
8199
81
8200
8202
8203
8205
8206
8207
8211
8212
8213
8214
8215
8216
8218
8220
8221
8222
8223
8224
8225
8226
8227
8231
8232
8234
8235
8236
8237
8238
8240
8243
8245
8246
8247
8248
8250
8251
8255
8256
8257
8259
8261
8264
8266
8267
8268
8271
8272
8275
8279
827
8280
8281
8283
8285
8286
8287
8288
828
8290
8293
8294
8298
8301
8303
8304
8306
8310
8312
8314
8315
8316
8318
8319
8320
8322
8323
8327
8329
832
8332
8335
8340
8341
8342
8343
8344
8348
8349
834
8352
8353
8354
8355
8357
835
8362
8363
8365
8367
8368
836
8373
8374
8377
8379
837
8380
8381
8384
8385
8386
8388
8389
8390
8391
8393
8394
8395
8396
8397
8398
8400
8401
8402
8403
8404
8405
8406
8407
8408
8410
8411
8414
8417
8418
8420
8421
8422
8423
8424
8425
8427
8429
842
8430
8431
8432
8433
8434
8438
8439
8440
8442
8443
8444
8445
8446
8447
844
8453
8454
8456
8457
8460
8462
8463
8464
8465
8466
8468
846
8471
8475
8476
8477
847
8480
8481
8484
8485
8486
8489
848
8490
8492
8494
8499
849
8500
8501
8504
8507
8508
8509
850
8511
8512
8513
8514
8515
8516
8517
8518
851
8520
8521
8522
8523
8524
8525
8526
8528
8529
8533
8534
8538
8539
853
8541
8542
8543
8545
8546
8547
8548
8549
8550
8551
8552
8555
8556
8557
8560
8563
8564
8566
8567
8568
8569
8570
8571
8572
8574
8576
8580
8581
8584
8585
8586
8588
858
8591
8592
8594
8595
8596
8598
8600
8601
8603
8604
8606
8608
860
8611
8612
8614
8615
8616
8617
8619
8620
8623
8626
862
8630
8632
8635
8637
8638
8639
8640
8642
8643
8644
8645
8646
8648
8649
8650
8651
8654
8656
8658
8659
8660
8664
8666
8667
8668
866
8672
8674
8676
8677
8680
8682
8683
8684
8685
8686
8688
8690
8694
8698
8699
8700
8704
8705
8706
8708
8709
8710
8713
8714
8716
8717
8718
8719
871
8722
8723
8724
8727
8728
8731
8732
8733
8738
8741
8742
8745
8746
8747
8748
874
8754
8756
875
8760
8761
8762
8763
8765
8766
8768
8769
876
8770
8771
8772
8773
8774
8775
8777
8779
8780
8784
8786
8788
878
8790
8791
8792
8794
8797
8798
879
8800
8801
8802
8804
8806
8807
8808
8809
880
8810
8811
8813
8814
8815
8816
8817
8818
8819
881
8820
8821
8822
8824
8825
8826
8828
8829
8830
8831
8832
8835
8836
8838
8839
883
8840
8841
8842
8843
8845
8846
8847
8848
8849
8852
8853
8854
8857
8859
885
8860
8862
8863
8864
8869
8870
8872
8874
8875
8876
8878
8879
8881
8882
8885
8889
888
8890
8892
8895
889
8900
8901
8903
8905
8906
8908
8910
8912
8913
8914
8915
8919
8925
8926
8927
8929
8931
8932
8934
8935
8936
8937
8938
8939
8940
8941
8943
8944
8945
8946
8948
894
8950
8952
8956
8967
8969
896
8971
8972
8973
8975
8976
897
8980
8982
8983
8984
8988
8990
8991
8992
8994
8995
8999
9001
9003
9004
9005
9006
9007
9008
9009
900
9010
9012
9013
9016
9017
9018
9019
9021
9025
9026
9027
9028
9029
902
9030
9031
9032
9034
9036
9037
9038
9042
9043
9044
9045
9048
9049
904
9051
9052
9054
9055
9056
9057
9059
9061
9064
9065
9066
9068
9069
9073
9075
9078
9079
9083
9085
9087
908
9094
9096
9098
9099
9102
9105
9106
9107
9110
9115
9117
9118
911
9120
9121
9124
9126
9127
9129
9132
9133
9135
9137
9138
9139
913
9140
9141
9143
9144
9145
9146
9147
9151
9152
9153
9154
9155
9156
9158
9159
9160
9162
9163
9164
9165
9167
9168
9170
9176
9177
9178
9179
917
9180
9181
9182
9185
9187
9189
918
9193
9194
9198
9199
919
9200
9201
9202
9204
9206
9208
920
9210
9213
9214
9216
9217
921
9222
9223
9224
9225
9227
9228
9229
9230
9232
9233
9234
9235
9238
9239
9240
9244
9246
9248
9249
9250
9251
9252
9254
9258
9260
9261
9262
9263
9266
9267
9269
9270
9271
9272
9273
9275
9277
9278
9279
9280
9283
9284
9285
9286
928
9290
9291
9292
9294
9295
9296
9298
9299
929
9300
9302
9305
9306
9307
9308
9309
930
9310
9311
9312
9313
9314
9315
9316
9317
9318
9319
931
9320
9322
9325
9328
9329
9330
9333
9336
9339
933
9340
9343
9344
9346
9350
9351
9355
9356
9357
9359
935
9360
9361
9362
9364
9366
9367
9368
9369
9370
9373
9374
9375
9376
9378
937
9380
9382
9383
9384
9386
9387
9388
9389
938
9390
9392
9395
9396
9399
9400
9402
9404
9405
9406
9407
9409
9411
9414
9419
9420
9423
9425
9426
9427
9428
942
9430
9432
9433
9434
9436
9437
9438
9439
943
9440
9441
9443
9444
9449
9451
9453
9454
9455
945
9460
9466
9467
9469
946
9470
9471
9472
9473
9475
9477
9478
9480
9481
9483
9486
9487
9488
9492
9493
9494
9495
9497
9498
9501
9502
9503
9505
9507
9509
9511
9512
9513
9516
9518
9519
951
9520
9521
9522
9523
9525
9526
9527
9529
9532
9533
9535
9536
9538
9539
953
9540
9544
9545
9547
9548
9549
9551
9552
9554
9556
9557
9560
9564
9566
9567
9569
956
9570
9572
9573
9574
9575
9577
9579
957
9580
9583
9586
958
9590
9592
9593
9594
9595
9596
9597
959
9600
9601
9602
9603
9606
9608
9609
9610
9611
9612
9618
961
9621
9622
9623
9624
9625
9626
9627
9628
9634
9635
9636
9637
9638
9639
963
9640
9642
9643
9644
9645
9646
9648
9649
9651
9652
9655
9656
9657
9658
9659
965
9663
9664
9665
9667
9668
966
9670
9671
9673
9675
9683
9685
9686
9687
9688
9691
9692
9694
9696
9698
9699
969
9700
9702
9705
9706
9707
9708
9709
970
9711
9712
9713
9715
9716
9717
9718
9723
9726
972
9731
9733
9739
9740
9742
9743
9744
9745
9747
9748
974
9751
9753
9755
9758
975
9761
9762
9763
9768
9769
9775
9778
9779
977
9780
9783
9784
9785
9786
9787
9788
9789
978
9791
9795
9797
9798
9802
9803
9804
9805
9808
9810
9814
9816
9817
9818
981
9821
9822
9823
9825
9826
9830
9831
9833
9835
9837
9838
9839
983
9842
9843
9844
9845
9847
9848
9849
9850
9851
9857
9859
9862
9863
9865
9867
9868
9869
986
9870
9871
9872
9873
9875
9876
9878
987
9880
9883
9884
9886
988
9890
9892
9893
9894
9895
9896
9897
9900
9902
9903
9904
9905
9907
9908
9909
9910
9911
9912
9914
9915
9917
9918
9919
9920
9921
9922
9923
9924
9926
9928
9929
9930
9931
9932
9933
9935
9937
9938
993
9940
9941
9943
9944
9945
9947
9948
9950
9951
9952
9953
9956
9957
9958
9959
9960
9963
9964
9966
9968
9969
9970
9973
9975
9976
9977
9978
9979
997
9980
9981
9982
9984
9985
9986
9987
9988
9989
9990
9993
9994
999
