13121
12890
9206
17626
10997
38316
3457
4364
4553
35499
12112
11834
21202
12006
2985
7560
43081
2726
28349
15623
9402
10618
6035
15231
38261
1926
8644
11873
35103
8404
12249
3211
8042
30284
8380
4037
2888
5523
23387
9315
37516
10642
4316
12065
3028
10099
31010
13459
5430
7184
14902
6080
8200
12801
13157
4865
3250
31506
4281
44091
41489
32027
23431
4108
12871
9021
4075
21625
7017
42681
9036
11131
18850
9696
9762
37613
41620
3794
9880
11662
28698
4565
4928
2112
30858
10943
9912
888
19198
2410
32620
10488
2667
8912
2318
3797
11599
900
20051
1786
8643
37440
11183
4155
10610
9848
12653
42026
628
10855
1609
18684
28906
43265
11312
12329
17438
24876
12129
4358
32489
3532
5083
13049
11947
12882
9797
6022
19165
7927
10162
39007
7353
28384
11436
6011
26849
44680
36534
12314
10185
1095
18064
32421
3054
3882
5483
17191
27118
11511
4206
1892
7175
38010
25977
3182
37494
36871
27661
11723
6877
9890
26795
44661
9307
26141
1727
2728
9311
12929
43107
43903
13139
10323
13311
9869
13163
24330
37392
22088
38924
34055
4214
2412
41375
5561
6617
31785
7191
38242
4870
8439
25985
2369
34321
5427
7382
1849
1984
10499
2277
10134
25680
9933
4231
3345
10934
39635
4650
5817
11798
9320
19098
10824
12603
20426
35261
6556
849
13840
5834
7459
43599
37518
6648
24004
11795
23809
2299
5779
18146
4634
2770
10136
7887
12553
10692
13250
4074
12415
28530
7501
18060
7971
6146
6364
45125
19872
14773
11287
10664
10217
10260
8984
9658
6237
12941
14059
33647
11355
11807
4010
21618
34168
6212
4381
30245
7580
38755
11195
3819
38081
13305
23359
10322
8408
22388
5420
1481
1841
3857
4122
24744
37180
10662
2938
37082
1233
40489
2487
13429
29370
20730
1039
1722
8298
917
1507
12067
5254
20388
6521
17937
13335
4563
5746
25373
5671
26850
9177
3212
13000
19492
15790
16899
11043
32694
7850
12597
10912
5382
42558
5533
5555
28714
4690
37513
4392
11163
691
8967
21148
5384
8704
6472
2968
13031
21332
25237
5531
25323
5913
11468
8731
38925
39891
12884
7787
33842
3554
32125
11166
28281
25554
11126
4244
24579
7896
35500
16574
8913
22251
16959
2612
2406
7055
11907
34430
1461
326
2778
35357
11170
16255
27570
10032
10866
9549
19089
10931
6713
18667
12484
34342
10828
21442
12385
5089
10311
5865
11477
13006
7129
5560
26397
9492
3517
38673
32682
8733
2558
18137
8991
13700
10980
12757
15789
3661
2710
12021
12179
7981
9635
11757
20204
10886
7761
20186
5858
4631
6839
10596
13362
34472
5585
5155
6664
14365
12169
7417
5878
8878
28044
6529
11716
11584
8742
1983
26498
20233
9163
13966
5138
749
7121
12322
10266
3987
1976
8931
3709
13430
11987
7594
21275
2399
8094
22021
36070
11023
1252
6739
22737
4516
20404
6278
12072
14779
9124
12165
2678
35768
17286
26777
6781
35948
31919
17814
12146
3796
2970
10530
36565
7753
11231
6624
14401
7665
3860
10978
3316
9707
2752
13404
4274
4499
8132
12954
6571
5109
5972
8598
4984
39854
16990
8267
3201
12479
39999
7712
3597
4835
43280
1500
26581
12857
13123
28825
25887
5982
36837
8900
7008
11856
34685
8741
17148
10088
8418
28626
32980
591
37026
7567
36718
24697
5983
43046
25425
31054
10199
11141
12424
20605
4205
3393
16553
24839
28048
9739
2482
10569
41078
3672
5630
25099
5519
3669
2363
20307
2101
12482
4681
30393
11558
8075
218
10597
44092
10471
13119
9945
22738
7650
3138
8280
5954
10302
1155
7155
6188
5073
15917
13555
11334
13256
3983
29626
5071
4615
10889
3613
6599
12192
14585
28590
21491
12016
5677
39048
4329
10340
3878
12626
6119
12298
5258
7107
15560
35953
10780
12647
10938
12846
12856
32897
7841
13673
10299
12926
39159
4104
9305
9260
12503
5578
18290
7929
17754
25139
4665
9964
7605
10779
16427
6411
6132
11855
12500
11895
12904
13164
1763
1437
2464
23480
9266
7222
10635
1879
6546
14996
6225
39610
12511
19887
4042
40922
7111
12832
4613
40349
3793
6524
28498
7807
271
10418
16207
22130
11228
8421
8927
7647
5934
12911
4277
1106
6345
17250
12443
16736
9037
8157
3873
35443
18287
10061
35190
5229
14493
8440
18040
6691
16389
6202
230
13643
6953
14353
6757
10942
30620
19101
31509
7898
8362
7628
11587
28682
8668
13149
6792
15874
12328
653
4488
38634
4898
2958
12590
14535
26765
33193
10235
7967
30475
19251
20061
2866
10462
7766
3024
9603
6990
8341
9886
5200
2198
31962
5728
12669
27617
11484
6400
29208
17697
11223
10701
5102
7472
12025
28513
27357
22097
4951
4998
4847
6446
36972
937
2230
16052
18421
6089
36368
11329
2128
6960
14663
3262
1330
31952
6637
25336
12150
9699
4346
26504
40193
6253
1029
4247
6971
3615
8738
12837
2221
7948
3311
11704
38839
5678
19746
3091
19530
30038
6434
20785
9488
2859
8784
33648
5440
32515
2375
38193
10659
9509
8232
5245
1078
4833
30525
3256
23057
5424
9439
9948
11374
4191
4263
34687
10911
12859
7749
29654
5952
12581
11121
7309
3243
3491
24308
7770
8152
44399
11184
12631
12521
6566
37641
21599
4943
28464
7694
39074
22274
40416
3786
38368
8385
4298
42566
6382
7378
4249
11475
4896
9339
5406
1681
6135
6404
1349
4454
42270
41791
10013
4184
12517
13225
3371
5577
3189
24047
13258
22603
8545
29058
7869
12332
3027
23978
19059
2188
10382
7404
9990
11134
23169
6830
25920
43312
34660
17838
17720
1499
28854
39358
24294
26606
9052
5662
6777
18756
43828
8872
10908
5088
12716
29667
9313
9216
5196
4586
7813
7827
5439
40487
2160
9808
12839
37817
7808
44834
11600
38748
31194
10653
1811
25897
10813
33594
11471
8521
1867
19540
34068
9791
8486
15323
1900
40556
29505
30732
12066
3530
6234
4179
9977
38204
8645
6536
32177
24486
17797
2794
13463
38206
10881
9594
9957
11692
4500
9648
27265
1055
11687
5958
32853
43824
43633
11302
1950
12743
9194
8234
7658
5116
6425
1810
8443
37515
7916
5895
5480
10461
11052
15605
20544
37901
18356
11050
39608
10797
37477
39942
18170
5037
9711
13023
3351
34972
9980
35683
7707
6497
5060
43913
1670
34473
9645
26182
5022
12276
10083
40151
10055
44095
36574
5707
25312
23030
23446
6427
12069
4952
23346
6891
10434
5697
3004
9788
31960
9138
3689
23544
27972
11769
42753
34707
8390
13180
7725
5575
11294
4727
6281
10484
4877
25885
3504
11728
10532
4422
42007
34079
11342
6279
3319
5489
33621
13370
2584
25490
7179
4455
4126
6550
12502
11240
34038
4013
5066
6059
12450
31101
32117
3233
20375
11243
6375
5272
7931
12953
4612
11770
4479
7901
2214
12221
13182
12489
7854
20609
8066
28909
9019
4756
3456
2159
38696
38030
34128
6370
8574
2405
19976
13299
7526
3116
6962
1161
2070
11214
30611
10538
2560
7359
8214
17173
42545
3618
40276
38313
11751
9520
10835
16090
12319
18939
5069
1243
17322
6564
17409
6608
9249
35410
889
13445
12727
43292
4795
12002
38774
12438
24389
4661
16733
3152
22599
8394
4128
8906
37471
5967
29647
3915
7112
8064
33351
9867
15240
4630
42259
2163
5946
12143
34097
5164
35047
6486
4383
12774
32022
18199
24622
7044
21369
25376
22623
8005
2368
9004
4925
22205
8768
10831
7835
11555
10457
1913
2687
10031
34749
4698
6433
7176
20532
5389
26939
36882
6889
9283
26146
20240
14149
10326
9406
11733
12501
7100
7345
4579
9688
942
7178
12555
6451
6952
1645
9863
13177
4181
26618
4645
1799
4182
43612
10330
11159
10705
2062
12654
12351
10522
10163
25856
11747
34617
25754
13003
22036
9032
6651
2469
3678
45353
2435
12725
13170
7171
9907
11311
6355
8591
32374
24270
11206
5503
24689
1539
9225
5096
15177
15734
2696
12920
3800
29012
32995
6323
6255
10271
39522
30617
30766
12190
3323
7086
6157
2110
10873
11290
8842
6612
29036
7384
1765
2766
11208
3782
7820
3155
10775
12587
4266
29547
9167
33890
4890
33912
39021
7367
5540
3643
3343
10727
6979
43073
40285
4582
26035
13128
17523
3717
2603
22034
4295
6441
5437
6943
5811
4437
2780
23181
12536
30975
8329
8425
1680
11229
5939
10080
10977
847
1303
15434
8247
44551
35898
19694
2267
10733
39336
4166
7027
9340
11494
15275
41287
3969
14396
5636
36084
24069
27444
4376
15218
4625
13232
6197
10160
38199
45123
8580
5758
25864
14555
2007
8762
2664
37430
3988
31695
10352
2777
34117
43579
13409
40855
9706
10999
4575
8600
14714
16087
2322
9627
11529
38291
23520
10451
30751
12496
9818
41815
11408
9970
41184
3170
5639
23927
4331
13477
13240
1090
38648
42739
5267
14708
8185
11278
3322
1561
5372
9718
12436
4275
12466
10351
4986
3346
8640
2480
35949
3408
4436
11198
8386
7595
8100
42302
8863
8975
9202
12838
3215
13161
13184
9918
3420
21768
9868
3682
9029
3603
10740
1830
10954
18516
10534
14974
3263
13056
18758
5345
36163
44007
26630
7346
7424
9705
12494
15835
32212
3570
16165
12756
9513
19999
29489
13386
4997
36982
22724
5901
5795
41246
18820
14008
7096
36314
12530
6386
3460
11285
5970
6465
3333
6572
11405
5446
27790
21957
8901
10069
27756
8395
4524
19615
32461
4220
9075
753
19213
38999
8303
10295
7811
12262
6761
10201
5608
1228
9503
9554
13458
1092
17671
6884
14851
11874
10804
27741
13313
20724
13204
10071
16962
35036
5759
3821
8015
2973
4085
5821
20224
5293
6273
40084
10949
42102
43263
13211
12615
43689
3698
43933
7499
7930
9106
25258
12460
26013
15993
3186
41645
2264
45082
10691
18361
13153
13461
7723
3584
31836
29446
4370
7859
1990
8220
12317
2552
17714
11132
13391
11459
42813
5605
5043
24648
13342
29672
13145
2600
27467
9787
15660
17185
1336
6393
3246
22641
10445
15318
38430
9844
5490
10513
12042
4463
1211
2679
5111
15464
13431
5223
12296
8438
8009
39397
38085
14920
11303
43748
9068
38851
34087
7674
39403
35800
1059
25655
32287
4471
8374
7609
13195
36479
22609
1355
8511
5137
5747
13439
8205
2398
5244
16415
27336
21843
37053
12312
20141
5314
9683
35243
5438
24182
11725
19420
9921
11706
8780
2250
17297
13502
43262
15829
28399
4754
7521
39902
43929
8480
6070
11046
5084
11155
5407
15974
8790
34589
10952
5722
24745
4204
28161
5475
1541
39957
8533
27602
39773
41341
3080
8499
29929
3232
4217
19915
11196
9823
9871
10118
10699
33765
32800
4772
7510
2755
6140
12792
4106
9556
18035
8810
37854
6565
25641
5337
10557
3259
5573
38525
8111
4900
5275
2658
609
4731
8539
11822
13217
21036
12059
2324
16731
13228
6468
16752
9567
9547
24020
1097
43803
18856
4517
10996
5479
9350
43774
23862
8272
11274
11875
5527
7257
8424
1265
10436
26513
7720
15152
4059
2628
2252
7180
12944
27148
28190
6359
43603
10998
3834
32652
4686
10482
23115
9966
10957
36787
3695
3521
10549
9443
32019
32165
6860
10438
24938
12147
30431
9527
15252
4363
2781
27666
12149
28263
2133
6737
7290
5588
18307
45340
12095
31539
9470
21489
3550
11860
3929
5313
14643
9884
7559
37253
14682
11096
13411
27566
18954
1374
19038
18082
12849
35630
5877
38046
5387
6244
32835
8186
8368
5008
30698
8136
876
2304
13434
14181
14906
10366
40708
2935
7139
3174
24538
2893
3898
25238
11681
38183
6117
6051
8819
14838
4294
1933
44996
6265
8318
9505
1791
5796
3109
11590
6959
6899
3314
12745
3831
3811
5804
22149
1457
16881
9096
8381
36489
8225
11467
17657
12949
7546
11701
4226
8939
2455
1449
8682
2575
6025
4964
13169
38146
25961
12240
6814
39413
2459
34246
17196
6741
8159
12689
7313
22586
32387
13019
9747
32004
28286
4031
12115
37197
10037
11912
30953
10289
10657
40023
4071
30361
7577
10286
7864
9057
12528
10359
6611
2057
19964
14923
1503
7884
12807
7242
4593
6180
9165
21241
34999
18066
11111
24871
8792
3655
4379
3920
7610
2174
14058
11867
5792
21214
9548
42890
36280
41705
9126
23551
37863
7838
21604
30023
40968
10074
6298
8630
13126
11847
13410
7885
44481
6473
2712
6306
5093
6902
3381
7554
8462
36491
11596
3928
9843
11568
42555
4197
19410
3817
8257
31667
3227
4760
19852
4183
43169
12739
25092
6652
15809
4787
28669
7355
3699
2686
10222
751
5949
13783
2776
5813
8538
17289
8402
3268
14390
7246
39818
18049
21902
35512
19941
29169
44599
21362
8841
16284
6682
17160
11659
7215
2850
26757
8820
8908
39066
30389
3579
6605
5329
33094
20333
3986
8087
8268
17839
19279
27824
7151
5126
4555
45279
33237
9378
24963
8724
10140
10022
7170
8797
16621
12453
4369
29873
7938
8403
7534
14846
23999
7294
1293
7339
8226
18642
9232
9968
8520
3395
44439
6027
27828
7122
4221
17753
8494
5297
21863
12309
13077
12570
1377
7984
14298
12188
7217
12973
31316
12906
22678
44059
13224
2949
5955
11510
10887
26096
6182
7068
6003
2725
9152
45319
12970
41144
25685
3677
10651
34981
35155
5075
8943
2660
6985
8926
39333
7583
39587
6980
2325
4953
6248
5011
6916
1574
38922
4639
12633
6055
6626
7731
7722
34929
17300
32378
32298
1514
44883
5150
21355
2528
33022
21662
5679
40781
2810
1999
29293
2420
5989
3775
20659
41830
19623
33031
10585
45230
4808
7957
9851
12955
28361
5241
10850
11732
15728
13212
7892
20750
32062
8160
15569
5974
13158
41556
25995
9310
4468
18541
11237
23237
10478
14099
5614
776
11632
44856
16616
8218
2071
33650
40258
1854
5725
36090
37362
26550
35096
4210
7250
6901
3758
12648
41282
9712
10707
25741
6742
3763
8108
4816
35390
9285
11601
12681
6134
33296
4301
7551
14791
21191
15602
3442
9436
37741
4671
8677
4066
11350
5128
8114
14942
5304
6512
12796
1563
20143
12465
16237
20888
1173
12369
30007
1962
904
4452
12049
6832
4985
17976
6930
14231
22076
18773
8344
10467
18870
8190
8407
2967
1430
11872
2366
12333
4790
3166
27575
31517
9817
17018
3453
29382
1711
8176
42557
11292
15226
13219
29176
9270
16350
13221
44868
4576
12696
12934
13408
13028
5342
8584
3533
9574
5414
5230
3849
11609
16795
5005
31374
16925
13010
6788
34203
31394
37816
30433
43421
20149
10588
5451
6745
27793
6417
5616
40605
17155
7114
11158
8011
16411
10203
3568
7949
3459
25664
3023
28577
4402
39023
40977
5148
6309
4322
10335
37937
31460
9621
8071
28725
6402
11176
31654
14671
11528
2871
5260
28726
3231
37465
4187
42878
4714
29677
41548
13921
6708
41393
20877
1002
5692
3528
9433
5741
9031
6768
10314
9048
22197
36593
25523
11190
18506
6927
3149
190
24414
6965
16982
2387
10344
9516
26070
56
19587
30654
3975
37842
15015
22929
31297
3077
11095
8211
4792
9837
5216
9529
5458
3535
16655
15502
13970
17608
7292
2225
33009
1898
1015
7982
32955
2510
11758
4201
2102
18088
11972
8608
12352
7853
8002
12744
40469
40630
5775
11448
7648
5719
12353
10181
2828
9572
34102
2516
12488
11946
9540
5590
35044
12324
36327
42096
9449
8828
8355
39445
7946
14908
2209
9469
7819
2995
4159
24596
28232
5772
20331
11698
30193
31363
4337
9523
43381
5261
9670
8586
42500
4487
22440
32931
4523
33973
8846
1694
7703
7358
1872
1150
6579
38209
5986
5425
9577
12608
24320
11019
10090
24446
42431
11012
9382
16808
8447
26603
9434
32388
5943
24709
8862
8405
18526
1529
44771
6662
5964
10004
33807
18108
5394
12032
7349
12023
3607
17591
12173
15375
10706
37221
18942
2814
11688
34033
8934
9263
3874
6437
3737
10762
5907
11938
10273
7230
19154
6477
25775
12889
4979
9778
20453
3043
667
42880
22117
12770
13118
3688
32301
10563
13485
22658
5410
23955
39821
3141
4807
43159
11630
5602
5445
7354
8391
3939
4837
8680
21472
6715
41557
19414
10976
1847
5546
33141
10535
28937
8658
14276
12035
13778
17352
9028
29550
15070
7270
4426
24994
3254
25251
14656
2471
15880
5362
28100
9118
4076
3272
1626
6399
2006
4624
44290
12137
10537
12680
13093
3534
3014
6005
38790
17565
8919
12803
2539
12537
2576
13528
2269
44838
5169
4872
5454
28051
4009
4414
36494
5213
5172
11916
9087
2783
4709
13441
35156
17459
2895
3031
39401
27715
4750
1215
20542
4743
2522
30282
20703
9155
1147
12446
31508
43760
8813
13449
3505
10483
5794
12300
24507
10236
31681
2645
32479
966
9094
10276
10932
7679
39241
3342
8140
8814
11354
1946
41584
44989
43800
8853
29168
40640
9038
11266
8832
23321
22203
24715
12788
8188
11923
22439
37131
2218
38716
5499
12289
11407
11455
5003
6712
8674
9306
7899
6105
12136
11997
21065
2162
6689
6847
4547
25257
6362
8723
17516
7636
27714
4312
12887
1838
11777
32199
35669
8936
37266
13887
22226
7952
37308
11983
11097
9702
3968
6452
11741
4189
44042
19348
23031
37100
5002
9229
16877
36880
16593
4314
12564
44166
11372
26340
28736
720
25759
6509
4165
11038
21450
22157
5637
12437
2904
6873
17211
9414
8286
2063
7072
7071
3700
1894
39971
11524
2785
11502
9107
20332
26710
38107
2570
1492
4534
1203
15895
33782
33857
45068
18829
9370
13767
11682
17200
9153
4723
590
8843
6701
7057
23342
7334
18687
28012
15549
7878
10744
9054
9261
11629
7251
44156
2568
12749
34267
10100
11551
28029
8620
6782
12425
37747
9322
11982
19277
29981
36645
2476
24268
7314
6077
11485
9742
4719
13136
4627
5993
8279
39865
6862
5210
3509
14128
41728
13986
6296
22053
12478
2428
5937
4282
5284
1871
8466
29377
25974
6489
7146
4218
24555
3394
7145
1702
33729
3798
1643
10085
10761
12928
11562
1098
33323
12362
14319
10564
1823
6341
4411
9425
5065
6353
7439
7201
12498
12140
4533
30821
3749
4011
8717
9753
8808
10231
12392
4097
26824
2047
12686
4052
7913
42006
16433
12870
37896
5131
6204
10687
4170
8238
2088
8310
6087
16482
20288
6853
2557
3890
6334
7428
35749
7730
7278
8745
4118
6099
3604
30142
15251
2523
14476
19030
1573
44207
5778
728
3219
24355
3963
5833
4253
4820
7045
40819
5429
12958
7700
23789
38478
7945
31050
31465
5769
13470
41856
5006
28582
11119
6258
23644
6171
9691
12599
39298
5219
3733
7094
11934
20000
7979
2583
25053
31591
5529
5457
13316
1512
1831
11058
5766
9144
33097
2762
11966
25201
29449
37831
2713
7164
37532
3827
11552
10827
9317
34361
6975
8096
22635
3718
5399
45108
17098
5579
7625
13005
22095
6896
5899
23595
21186
6803
6231
3961
18164
518
18531
4269
10511
1724
11252
8008
18806
21593
11998
6988
6344
24880
9137
4747
10751
30569
6150
7028
4101
8275
32715
1396
42696
34824
3556
12860
5951
39240
9857
32147
28004
32442
6479
13376
12734
11491
6823
27411
8798
41298
5827
9609
11818
10631
9065
1712
4424
2751
2705
2911
23846
6471
9179
11246
3942
12303
2305
27331
2666
22983
5992
9438
33109
24654
9017
32975
4093
13234
33374
10676
5924
17645
7956
7918
28900
31679
11175
10005
25250
5033
5330
7402
11410
9185
7332
23599
9319
12320
10377
42167
43525
9079
3623
11958
45084
24820
32808
7673
9238
40738
8050
9170
14268
20063
20666
3848
9390
8429
33578
1329
6815
11366
6440
13480
5289
19073
11950
6558
22291
4360
12609
4859
1319
7535
3471
13064
7995
8950
45113
39503
13327
20167
35192
4143
3936
4171
12659
10884
10385
9973
8617
902
6442
4290
8568
7182
5552
39779
7682
8476
13082
8072
9117
17327
7589
10765
2271
17391
9938
4716
2956
4503
28377
26971
7263
24601
12675
39262
7256
38751
9994
17143
30802
25043
2195
5273
2235
27304
7284
10902
21115
10822
9923
15741
17746
34093
7613
11286
21250
19360
42821
10805
3730
5900
32041
43781
26998
5695
4929
3336
12062
7487
5363
33954
5007
30924
9246
2505
13274
42606
32123
8847
10693
1629
33011
8147
5893
13039
2402
10017
2834
1603
12109
42905
35330
43067
14015
2765
3265
4115
9444
7585
10066
43346
13524
22458
4048
11476
5776
21406
4389
40289
27097
12219
2817
16507
3102
4595
38763
5251
25319
619
14325
11789
26521
16939
12248
8552
4385
29271
9064
10531
8315
4646
12372
24806
38550
8076
1995
9151
30514
12019
10842
9685
14922
41183
10918
41702
7715
9127
3712
11428
4377
44231
6276
29762
19740
31527
3461
30703
2608
2116
4810
6620
13259
23764
1212
11309
7065
12476
6369
8177
7275
12223
10500
2354
22247
13067
21514
7029
4669
7513
11005
16300
5115
40041
6474
8956
39822
6810
22942
33823
22931
7828
11859
4962
1331
8340
17117
12121
34863
22063
11831
23636
12547
7659
534
36303
39283
45320
4736
878
2205
5357
1444
1647
3399
6090
2131
11022
6576
4674
15902
9314
8932
5564
1257
10263
6577
6883
12987
41673
6905
9121
7925
2061
7462
12461
10644
8938
11761
32976
1965
29087
13726
43405
9876
6542
26974
3402
3567
24781
10280
12326
8004
39576
6249
38977
13392
4536
8857
4153
33371
5467
20005
8686
6728
6328
17815
8705
13054
12665
12267
13381
7942
4192
6092
33409
2694
39060
5914
9502
16306
2874
8672
5622
16011
10673
6707
9486
5655
1364
17698
9230
19648
11194
10857
26421
18913
19649
27218
7493
9440
8093
4336
37307
13053
12310
5580
12457
12197
9560
15493
3616
3188
12204
10521
11522
6642
6623
43642
6736
20998
9985
1820
8032
42415
2472
19680
6020
8471
21823
10814
22026
6557
41157
1557
10033
7640
10702
5764
10065
32873
5324
9640
30013
44083
7333
25960
4660
22394
12932
6156
10197
15411
21028
10198
1362
5240
8791
15651
8683
4552
11008
5864
12207
7046
29982
11968
5190
7280
12527
31115
39620
29802
1877
5925
26505
2820
1885
42625
17710
6481
3202
9389
38364
11014
31354
7721
12981
4550
3228
34437
12562
2385
9308
3325
16216
34307
28061
33592
22562
28790
30175
38865
4242
10232
6503
27480
43558
5062
39399
13233
31981
6129
9279
9355
6538
10056
6303
23171
16126
23084
42065
6342
4633
11566
7214
2886
2186
6676
43025
4873
2499
36894
8603
9383
31307
6699
3107
11750
4515
746
18015
4198
3431
14613
33452
33137
12861
5874
11898
21615
23363
12178
11739
13423
11948
5768
21121
5855
16298
14634
4937
7527
9451
5127
41897
18471
6088
6416
2258
38862
2514
2504
4485
3594
8980
4791
26769
30780
3674
28028
12872
6045
12525
9292
1846
6533
30149
33586
39415
24573
9875
4741
23069
23350
13241
27693
11238
41362
7297
8353
22958
37178
4871
32798
16222
8999
4172
2631
1881
6286
10367
4918
1755
9928
6160
5570
29437
42776
11909
26001
2401
30227
5277
34919
13008
8001
3451
12683
1997
5202
3482
37459
7277
34149
41089
9159
26933
18232
7208
35675
11435
9344
22988
26108
13036
6586
15652
7023
45224
9388
6083
2106
11094
3015
22267
8829
8281
12375
27939
2727
19851
6460
26242
5237
5428
4622
11363
6287
9427
10259
39028
4027
10891
12909
4614
5355
2049
6720
13309
5296
10313
13475
27370
3868
43782
7476
3897
1290
11169
9963
4752
6384
13142
12395
9804
12561
13131
43080
7836
1085
5910
8207
5504
6251
24846
23697
12572
37881
14755
23372
21044
6692
7237
5942
8021
5154
12230
14038
4818
1635
8550
34304
6726
4211
2340
1595
9273
9199
7357
20037
29251
1766
3494
44082
18787
6600
4755
38258
4931
10167
10154
3507
1525
4680
5159
4804
20833
28778
8243
11201
4188
35242
6531
24915
26209
4682
8905
12625
3740
32225
11700
11993
3543
9564
15485
38529
13294
6493
36081
11234
6947
4209
14825
34073
14234
10679
1684
44815
40034
42621
1509
9943
44495
9164
3539
3260
13059
11815
24917
13071
9380
11453
11535
41639
3573
27772
2848
21983
9318
370
38218
10132
3376
16383
2639
10781
5179
6115
43315
10829
2795
5985
7365
14261
5152
12283
4548
21231
12208
7419
2829
4765
10098
3581
13420
24737
18815
26352
29728
10420
4090
30972
8442
1651
7337
1829
27812
9012
10720
6079
1424
9258
5318
8534
40109
3253
2782
11239
8508
14349
17050
1034
19044
4332
35867
13350
34664
11537
4921
4103
5453
13301
5444
12723
9132
2193
42869
3145
10281
4273
9269
6078
4826
2924
3075
37825
10356
35087
32540
13074
8169
16173
4768
36422
40008
9940
16800
17557
13189
2457
1393
2083
42882
24548
7452
42042
7492
16280
10460
11205
41240
8199
2652
10245
2561
8937
10920
20287
8389
3918
10572
9471
5136
10144
8041
2590
11661
12962
7775
5822
12154
9404
14014
4701
38172
2630
31605
34305
5366
11665
16878
6827
813
2707
8756
9958
8197
10220
9835
11289
6208
10774
8456
16240
2553
9477
9859
6816
9952
7872
6915
41770
36286
43546
15280
2153
8306
7021
3208
43896
8248
13351
11460
2372
16696
2532
933
5648
31913
14689
5492
7350
43977
13467
12842
7980
29335
5294
11649
3205
4302
2489
41841
35926
9495
10505
17757
21213
3577
25413
13058
37850
12998
10812
37506
26829
9298
35022
14987
14824
8397
17843
3164
9312
16267
4065
3864
34273
20245
41242
10049
5081
2011
4285
13315
11153
38672
2076
8029
6857
8910
12447
18577
3271
5736
11479
12968
37254
31856
4351
32347
2461
6502
2139
20075
7320
8464
5113
10948
5435
3732
3662
8189
11559
1087
43278
11797
13034
11936
33556
10087
10667
6071
4321
2096
9254
13310
4735
4867
24495
10899
1583
7015
5493
7756
20284
7822
29063
8706
32133
11406
10386
1227
28295
18826
19567
41151
12717
8606
21461
10674
31994
22854
13047
13589
4409
1213
6085
9316
8481
9664
38715
40238
22096
6984
5498
5647
42494
4855
12195
43286
14057
600
3771
36865
40684
15531
1294
5906
6864
36638
9178
12646
28659
13601
7851
28948
3177
32193
28518
41473
9158
7289
42936
20130
16831
6759
29140
4854
9294
18026
6942
23332
10456
11421
9643
16004
22839
38256
30948
24064
9908
44511
1843
10146
8651
4948
18176
12158
2779
4883
24259
4667
5642
9507
2965
7750
7664
11439
1590
44872
8822
39464
10312
13154
3129
6941
9649
36860
2548
7300
11504
12864
15269
881
9351
7264
8546
20180
5784
1558
24807
3595
9239
15831
13041
7728
20252
28285
8181
21146
9743
4317
4926
9291
32951
1160
11025
12768
12963
42688
3990
7624
5042
3369
45260
37208
38477
6607
7442
8411
6021
11099
5701
6840
8769
9802
37329
8811
9252
1041
11578
25358
3906
3499
28556
4413
15059
40294
29319
2928
3812
23513
28809
25590
1853
10304
7741
11207
6734
7686
10277
12311
18417
9692
11640
7318
10745
1471
16632
4856
6388
40384
26003
2498
36738
42001
9903
34742
3329
12099
12778
13766
883
8070
25726
21379
43874
20460
8849
5521
35470
12265
38170
3610
3601
33781
43492
11910
39538
2044
4014
5067
10175
45232
13774
33422
20528
3304
1049
10288
3547
6951
22615
32086
3184
12275
1051
11498
10598
11932
12142
11913
16559
3511
12082
11957
6422
28917
7283
29195
10650
31491
6380
38837
4386
7124
24986
7421
15911
39795
8860
42019
5971
7308
1474
4904
11150
9975
33569
3409
4310
43505
11597
3049
15131
9396
21643
31762
43767
17946
2960
8994
10994
9330
25591
9497
43865
40434
1091
11391
5969
31467
405
10475
8915
631
10634
30379
10815
4435
7223
3017
7635
33130
2245
16683
16829
11319
1373
379
6190
20255
12865
12117
5945
7970
10756
34631
2219
13898
11310
27918
10029
14654
8377
188
26102
4304
2486
12576
10561
3650
14473
22187
3154
3473
11082
14796
27089
34189
5341
2641
39243
8335
32173
6054
10600
3973
9590
19895
4120
6703
9634
29436
11749
15133
2120
4606
3724
6187
9296
3578
8825
7013
5850
2359
13102
18072
4448
7130
8659
1505
4328
9779
30228
1268
34474
1426
4621
5017
8541
4776
23163
43620
707
17865
10729
13052
4483
12239
8777
30235
10771
2424
